1200 C 0 73 52 5000000
2400 C 1 6 14 5000000
3600 C 2 71 10 5000000
4800 C 3 85 81 5000000
6000 C 4 89 35 5000000
7200 C 5 49 96 5000000
8400 C 6 89 29 5000000
9600 C 7 3 70 5000000
10800 C 8 11 29 5000000
12000 C 9 77 55 5000000
13200 C 10 68 38 5000000
14400 C 11 72 39 5000000
15600 C 12 94 22 5000000
16800 C 13 42 55 5000000
18000 C 14 2 55 5000000
19200 C 15 37 18 5000000
20400 C 16 78 44 5000000
21600 C 17 12 58 5000000
22800 C 18 85 98 5000000
24000 C 19 44 53 5000000
25200 C 20 71 46 5000000
26400 C 21 11 28 5000000
27600 C 22 68 71 5000000
28800 C 23 70 0 5000000
30000 C 24 53 87 5000000
31200 C 25 5 18 5000000
32400 C 26 27 68 5000000
33600 C 27 70 75 5000000
34800 C 28 82 83 5000000
36000 C 29 82 56 5000000
37200 C 30 38 35 5000000
38400 C 31 46 32 5000000
39600 C 32 89 79 5000000
40800 C 33 63 86 5000000
42000 C 34 20 87 5000000
43200 C 35 20 90 5000000
44400 C 36 91 88 5000000
45600 C 37 86 40 5000000
46800 C 38 71 96 5000000
48000 C 39 60 77 5000000
49200 C 40 35 43 5000000
50400 C 41 92 97 5000000
51600 C 42 35 78 5000000
52800 C 43 52 61 5000000
54000 C 44 26 25 5000000
55200 C 45 38 66 5000000
56400 C 46 59 13 5000000
57600 C 47 14 3 5000000
58800 C 48 31 78 5000000
60000 C 49 29 43 5000000
61200 C 50 10 55 5000000
62400 C 51 73 44 5000000
63600 C 52 85 36 5000000
64800 C 53 86 93 5000000
66000 C 54 5 46 5000000
67200 C 55 60 76 5000000
68400 C 56 20 8 5000000
69600 C 57 29 75 5000000
70800 C 58 4 10 5000000
72000 C 59 86 91 5000000
73200 C 60 49 43 5000000
74400 C 61 80 32 5000000
75600 C 62 78 42 5000000
76800 C 63 35 56 5000000
78000 C 64 33 45 5000000
79200 C 65 89 4 5000000
80400 C 66 29 14 5000000
81600 C 67 98 15 5000000
82800 C 68 35 36 5000000
84000 C 69 73 66 5000000
85200 C 70 77 20 5000000
86400 C 71 60 5 5000000
87600 C 72 30 27 5000000
88800 C 73 33 51 5000000
90000 C 74 17 34 5000000
91200 C 75 18 45 5000000
92400 C 76 5 73 5000000
93600 C 77 57 5 5000000
94800 C 78 58 97 5000000
96000 C 79 66 43 5000000
97200 C 80 82 81 5000000
98400 C 81 58 0 5000000
99600 C 82 29 77 5000000
100800 C 83 12 54 5000000
102000 C 84 81 9 5000000
103200 C 85 44 74 5000000
104400 C 86 43 20 5000000
105600 C 87 18 48 5000000
106800 C 88 3 86 5000000
108000 C 89 49 98 5000000
109200 C 90 12 46 5000000
110400 C 91 96 89 5000000
111600 C 92 51 68 5000000
112800 C 93 55 62 5000000
114000 C 94 10 38 5000000
115200 C 95 74 56 5000000
116400 C 96 61 6 5000000
117600 C 97 77 93 5000000
118800 C 98 1 30 5000000
120000 C 99 40 90 5000000
121200 C 100 46 75 5000000
122400 C 101 78 90 5000000
123600 C 102 36 39 5000000
124800 C 103 6 51 5000000
126000 C 104 20 4 5000000
127200 C 105 43 7 5000000
128400 C 106 24 28 5000000
129600 C 107 38 12 5000000
130800 C 108 34 68 5000000
132000 C 109 1 76 5000000
133200 C 110 67 33 5000000
134400 C 111 28 6 5000000
135600 C 112 91 23 5000000
136800 C 113 78 39 5000000
138000 C 114 69 19 5000000
139200 C 115 10 80 5000000
140400 C 116 23 66 5000000
141600 C 117 64 36 5000000
142800 C 118 96 30 5000000
144000 C 119 15 69 5000000
145200 C 120 3 85 5000000
146400 C 121 67 33 5000000
147600 C 122 3 88 5000000
148800 C 123 61 90 5000000
150000 C 124 27 56 5000000
151200 C 125 27 61 5000000
152400 C 126 36 3 5000000
153600 C 127 82 85 5000000
154800 C 128 70 26 5000000
156000 C 129 70 21 5000000
157200 C 130 39 76 5000000
158400 C 131 59 41 5000000
159600 C 132 27 49 5000000
160800 C 133 9 48 5000000
162000 C 134 12 89 5000000
163200 C 135 21 74 5000000
164400 C 136 90 98 5000000
165600 C 137 80 8 5000000
166800 C 138 23 98 5000000
168000 C 139 12 38 5000000
169200 C 140 75 6 5000000
170400 C 141 33 20 5000000
171600 C 142 55 51 5000000
172800 C 143 47 2 5000000
174000 C 144 60 44 5000000
175200 C 145 93 79 5000000
176400 C 146 0 66 5000000
177600 C 147 48 92 5000000
178800 C 148 10 52 5000000
180000 C 149 9 73 5000000
181200 C 150 19 88 5000000
182400 C 151 36 2 5000000
183600 C 152 8 92 5000000
184800 C 153 7 88 5000000
186000 C 154 82 62 5000000
187200 C 155 19 47 5000000
188400 C 156 69 74 5000000
189600 C 157 53 23 5000000
190800 C 158 63 78 5000000
192000 C 159 54 25 5000000
193200 C 160 84 41 5000000
194400 C 161 68 11 5000000
195600 C 162 98 84 5000000
196800 C 163 26 10 5000000
198000 C 164 97 78 5000000
199200 C 165 17 36 5000000
200400 C 166 50 82 5000000
201600 C 167 88 42 5000000
202800 C 168 87 43 5000000
204000 C 169 81 64 5000000
205200 C 170 28 58 5000000
206400 C 171 18 68 5000000
207600 C 172 90 57 5000000
208800 C 173 38 8 5000000
210000 C 174 16 49 5000000
211200 C 175 4 12 5000000
212400 C 176 68 80 5000000
213600 C 177 67 26 5000000
214800 C 178 86 73 5000000
216000 C 179 61 38 5000000
217200 C 180 0 95 5000000
218400 C 181 52 36 5000000
219600 C 182 77 28 5000000
220800 C 183 57 36 5000000
222000 C 184 49 62 5000000
223200 C 185 97 3 5000000
224400 C 186 98 96 5000000
225600 C 187 88 33 5000000
226800 C 188 45 8 5000000
228000 C 189 60 26 5000000
229200 C 190 47 89 5000000
230400 C 191 88 7 5000000
231600 C 192 37 18 5000000
232800 C 193 2 75 5000000
234000 C 194 96 83 5000000
235200 C 195 43 67 5000000
236400 C 196 60 90 5000000
237600 C 197 3 64 5000000
238800 C 198 30 33 5000000
240000 C 199 40 74 5000000
241200 C 200 11 71 5000000
242400 C 201 77 45 5000000
243600 C 202 79 48 5000000
244800 C 203 9 46 5000000
246000 C 204 36 47 5000000
247200 C 205 9 0 5000000
248400 C 206 61 88 5000000
249600 C 207 88 24 5000000
250800 C 208 19 59 5000000
252000 C 209 14 46 5000000
253200 C 210 22 17 5000000
254400 C 211 9 39 5000000
255600 C 212 94 46 5000000
256800 C 213 3 60 5000000
258000 C 214 77 47 5000000
259200 C 215 11 80 5000000
260400 C 216 55 77 5000000
261600 C 217 40 29 5000000
262800 C 218 68 11 5000000
264000 C 219 72 5 5000000
265200 C 220 85 26 5000000
266400 C 221 27 32 5000000
267600 C 222 96 3 5000000
268800 C 223 17 13 5000000
270000 C 224 81 94 5000000
271200 C 225 62 94 5000000
272400 C 226 96 64 5000000
273600 C 227 77 64 5000000
274800 C 228 38 69 5000000
276000 C 229 80 18 5000000
277200 C 230 65 55 5000000
278400 C 231 25 52 5000000
279600 C 232 65 8 5000000
280800 C 233 54 37 5000000
282000 C 234 53 0 5000000
283200 C 235 15 43 5000000
284400 C 236 18 28 5000000
285600 C 237 25 2 5000000
286800 C 238 26 8 5000000
288000 C 239 7 77 5000000
289200 C 240 95 13 5000000
290400 C 241 79 78 5000000
291600 C 242 53 66 5000000
292800 C 243 45 34 5000000
294000 C 244 46 16 5000000
295200 C 245 15 66 5000000
296400 C 246 38 80 5000000
297600 C 247 25 71 5000000
298800 C 248 70 80 5000000
300000 C 249 92 27 5000000
301200 C 250 84 57 5000000
302400 C 251 20 56 5000000
303600 C 252 43 86 5000000
304800 C 253 31 78 5000000
306000 C 254 12 55 5000000
307200 C 255 38 56 5000000
308400 C 256 90 92 5000000
309600 C 257 94 66 5000000
310800 C 258 96 56 5000000
312000 C 259 86 8 5000000
313200 C 260 62 60 5000000
314400 C 261 74 85 5000000
315600 C 262 17 20 5000000
316800 C 263 57 8 5000000
318000 C 264 47 21 5000000
319200 C 265 0 19 5000000
320400 C 266 61 80 5000000
321600 C 267 1 14 5000000
322800 C 268 4 54 5000000
324000 C 269 79 57 5000000
325200 C 270 15 78 5000000
326400 C 271 74 19 5000000
327600 C 272 52 79 5000000
328800 C 273 62 78 5000000
330000 C 274 38 56 5000000
331200 C 275 62 72 5000000
332400 C 276 6 57 5000000
333600 C 277 87 79 5000000
334800 C 278 46 82 5000000
336000 C 279 75 43 5000000
337200 C 280 33 77 5000000
338400 C 281 9 44 5000000
339600 C 282 82 24 5000000
340800 C 283 73 89 5000000
342000 C 284 39 57 5000000
343200 C 285 59 17 5000000
344400 C 286 56 3 5000000
345600 C 287 9 98 5000000
346800 C 288 0 86 5000000
348000 C 289 10 77 5000000
349200 C 290 33 77 5000000
350400 C 291 95 8 5000000
351600 C 292 92 55 5000000
352800 C 293 85 97 5000000
354000 C 294 69 47 5000000
355200 C 295 9 79 5000000
356400 C 296 12 56 5000000
357600 C 297 6 8 5000000
358800 C 298 51 55 5000000
360000 C 299 37 76 5000000
361200 C 300 82 53 5000000
362400 C 301 65 84 5000000
363600 C 302 73 29 5000000
364800 C 303 28 15 5000000
366000 C 304 47 35 5000000
367200 C 305 37 19 5000000
368400 C 306 87 57 5000000
369600 C 307 42 45 5000000
370800 C 308 40 8 5000000
372000 C 309 27 94 5000000
373200 C 310 75 8 5000000
374400 C 311 94 4 5000000
375600 C 312 65 18 5000000
376800 C 313 91 63 5000000
378000 C 314 77 40 5000000
379200 C 315 9 44 5000000
380400 C 316 86 19 5000000
381600 C 317 32 11 5000000
382800 C 318 54 74 5000000
384000 C 319 16 24 5000000
385200 C 320 85 78 5000000
386400 C 321 56 4 5000000
387600 C 322 43 77 5000000
388800 C 323 41 26 5000000
390000 C 324 71 42 5000000
391200 C 325 21 92 5000000
392400 C 326 68 77 5000000
393600 C 327 49 62 5000000
394800 C 328 39 26 5000000
396000 C 329 20 7 5000000
397200 C 330 63 61 5000000
398400 C 331 35 39 5000000
399600 C 332 72 95 5000000
400800 C 333 47 25 5000000
402000 C 334 76 32 5000000
403200 C 335 0 86 5000000
404400 C 336 88 62 5000000
405600 C 337 82 12 5000000
406800 C 338 53 83 5000000
408000 C 339 60 2 5000000
409200 C 340 45 60 5000000
410400 C 341 83 23 5000000
411600 C 342 11 65 5000000
412800 C 343 79 76 5000000
414000 C 344 72 46 5000000
415200 C 345 10 1 5000000
416400 C 346 90 50 5000000
417600 C 347 23 74 5000000
418800 C 348 12 33 5000000
420000 C 349 50 98 5000000
421200 C 350 23 62 5000000
422400 C 351 39 80 5000000
423600 C 352 40 59 5000000
424800 C 353 63 26 5000000
426000 C 354 37 70 5000000
427200 C 355 17 15 5000000
428400 C 356 90 30 5000000
429600 C 357 6 50 5000000
430800 C 358 84 5 5000000
432000 C 359 69 49 5000000
433200 C 360 35 33 5000000
434400 C 361 20 9 5000000
435600 C 362 59 44 5000000
436800 C 363 38 10 5000000
438000 C 364 39 81 5000000
439200 C 365 81 62 5000000
440400 C 366 96 57 5000000
441600 C 367 19 28 5000000
442800 C 368 19 31 5000000
444000 C 369 81 77 5000000
445200 C 370 20 21 5000000
446400 C 371 68 55 5000000
447600 C 372 66 55 5000000
448800 C 373 3 76 5000000
450000 C 374 77 43 5000000
451200 C 375 61 67 5000000
452400 C 376 85 51 5000000
453600 C 377 97 21 5000000
454800 C 378 95 72 5000000
456000 C 379 93 34 5000000
457200 C 380 39 0 5000000
458400 C 381 34 94 5000000
459600 C 382 43 32 5000000
460800 C 383 75 69 5000000
462000 C 384 90 21 5000000
463200 C 385 98 48 5000000
464400 C 386 16 54 5000000
465600 C 387 82 55 5000000
466800 C 388 21 4 5000000
468000 C 389 20 18 5000000
469200 C 390 54 40 5000000
470400 C 391 72 59 5000000
471600 C 392 40 57 5000000
472800 C 393 34 30 5000000
474000 C 394 66 25 5000000
475200 C 395 98 13 5000000
476400 C 396 58 13 5000000
477600 C 397 63 61 5000000
478800 C 398 10 54 5000000
480000 C 399 91 83 5000000
481200 C 400 86 42 5000000
482400 C 401 74 30 5000000
483600 C 402 81 45 5000000
484800 C 403 41 0 5000000
486000 C 404 39 16 5000000
487200 C 405 16 66 5000000
488400 C 406 87 53 5000000
489600 C 407 11 63 5000000
490800 C 408 38 93 5000000
492000 C 409 75 9 5000000
493200 C 410 91 25 5000000
494400 C 411 65 32 5000000
495600 C 412 58 49 5000000
496800 C 413 39 52 5000000
498000 C 414 13 88 5000000
499200 C 415 80 67 5000000
500400 C 416 41 93 5000000
501600 C 417 40 91 5000000
502800 C 418 23 67 5000000
504000 C 419 18 98 5000000
505200 C 420 16 31 5000000
506400 C 421 92 4 5000000
507600 C 422 87 97 5000000
508800 C 423 14 7 5000000
510000 C 424 26 24 5000000
511200 C 425 62 13 5000000
512400 C 426 96 88 5000000
513600 C 427 12 52 5000000
514800 C 428 33 81 5000000
516000 C 429 80 56 5000000
517200 C 430 44 4 5000000
518400 C 431 39 86 5000000
519600 C 432 4 96 5000000
520800 C 433 58 7 5000000
522000 C 434 14 65 5000000
523200 C 435 77 0 5000000
524400 C 436 20 24 5000000
525600 C 437 16 44 5000000
526800 C 438 98 36 5000000
528000 C 439 16 59 5000000
529200 C 440 64 54 5000000
530400 C 441 61 85 5000000
531600 C 442 96 10 5000000
532800 C 443 72 66 5000000
534000 C 444 83 39 5000000
535200 C 445 90 36 5000000
536400 C 446 49 87 5000000
537600 C 447 84 96 5000000
538800 C 448 65 35 5000000
540000 C 449 68 15 5000000
541200 C 450 66 27 5000000
542400 C 451 89 1 5000000
543600 C 452 8 52 5000000
544800 C 453 20 91 5000000
546000 C 454 24 89 5000000
547200 C 455 13 30 5000000
548400 C 456 58 80 5000000
549600 C 457 29 88 5000000
550800 C 458 14 86 5000000
552000 C 459 88 91 5000000
553200 C 460 30 70 5000000
554400 C 461 70 54 5000000
555600 C 462 6 13 5000000
556800 C 463 19 78 5000000
558000 C 464 1 11 5000000
559200 C 465 24 30 5000000
560400 C 466 0 28 5000000
561600 C 467 94 56 5000000
562800 C 468 79 46 5000000
564000 C 469 38 95 5000000
565200 C 470 48 65 5000000
566400 C 471 59 89 5000000
567600 C 472 62 5 5000000
568800 C 473 86 82 5000000
570000 C 474 51 31 5000000
571200 C 475 0 87 5000000
572400 C 476 94 61 5000000
573600 C 477 81 11 5000000
574800 C 478 87 1 5000000
576000 C 479 72 62 5000000
577200 C 480 63 98 5000000
578400 C 481 5 74 5000000
579600 C 482 63 25 5000000
580800 C 483 42 41 5000000
582000 C 484 5 61 5000000
583200 C 485 77 81 5000000
584400 C 486 70 19 5000000
585600 C 487 69 74 5000000
586800 C 488 8 4 5000000
588000 C 489 54 39 5000000
589200 C 490 29 60 5000000
590400 C 491 78 94 5000000
591600 C 492 31 3 5000000
592800 C 493 78 89 5000000
594000 C 494 55 24 5000000
595200 C 495 86 21 5000000
596400 C 496 88 81 5000000
597600 C 497 90 23 5000000
598800 C 498 63 21 5000000
600000 C 499 52 98 5000000
601200 C 500 63 79 5000000
602400 C 501 46 52 5000000
603600 C 502 13 77 5000000
604800 C 503 28 64 5000000
606000 C 504 53 82 5000000
607200 C 505 34 57 5000000
608400 C 506 60 25 5000000
609600 C 507 56 98 5000000
610800 C 508 37 0 5000000
612000 C 509 80 64 5000000
613200 C 510 60 41 5000000
614400 C 511 70 27 5000000
615600 C 512 90 53 5000000
616800 C 513 93 57 5000000
618000 C 514 85 20 5000000
619200 C 515 29 35 5000000
620400 C 516 7 42 5000000
621600 C 517 25 95 5000000
622800 C 518 41 47 5000000
624000 C 519 30 96 5000000
625200 C 520 56 38 5000000
626400 C 521 67 1 5000000
627600 C 522 54 82 5000000
628800 C 523 40 44 5000000
630000 C 524 80 30 5000000
631200 C 525 42 5 5000000
632400 C 526 98 88 5000000
633600 C 527 61 68 5000000
634800 C 528 19 44 5000000
636000 C 529 76 85 5000000
637200 C 530 69 9 5000000
638400 C 531 77 76 5000000
639600 C 532 8 50 5000000
640800 C 533 22 58 5000000
642000 C 534 7 50 5000000
643200 C 535 65 43 5000000
644400 C 536 92 81 5000000
645600 C 537 83 73 5000000
646800 C 538 69 5 5000000
648000 C 539 92 42 5000000
649200 C 540 74 3 5000000
650400 C 541 23 77 5000000
651600 C 542 61 50 5000000
652800 C 543 54 46 5000000
654000 C 544 12 84 5000000
655200 C 545 66 4 5000000
656400 C 546 96 83 5000000
657600 C 547 29 3 5000000
658800 C 548 88 26 5000000
660000 C 549 95 19 5000000
661200 C 550 26 65 5000000
662400 C 551 63 73 5000000
663600 C 552 52 96 5000000
664800 C 553 87 97 5000000
666000 C 554 36 84 5000000
667200 C 555 88 91 5000000
668400 C 556 9 39 5000000
669600 C 557 91 82 5000000
670800 C 558 77 69 5000000
672000 C 559 21 25 5000000
673200 C 560 74 80 5000000
674400 C 561 93 51 5000000
675600 C 562 53 63 5000000
676800 C 563 87 53 5000000
678000 C 564 43 46 5000000
679200 C 565 81 13 5000000
680400 C 566 31 5 5000000
681600 C 567 51 63 5000000
682800 C 568 97 11 5000000
684000 C 569 2 30 5000000
685200 C 570 87 70 5000000
686400 C 571 10 36 5000000
687600 C 572 0 22 5000000
688800 C 573 51 38 5000000
690000 C 574 38 73 5000000
691200 C 575 97 49 5000000
692400 C 576 51 43 5000000
693600 C 577 64 97 5000000
694800 C 578 78 85 5000000
696000 C 579 26 42 5000000
697200 C 580 77 44 5000000
698400 C 581 85 65 5000000
699600 C 582 78 61 5000000
700800 C 583 71 92 5000000
702000 C 584 11 52 5000000
703200 C 585 51 41 5000000
704400 C 586 25 95 5000000
705600 C 587 46 78 5000000
706800 C 588 97 27 5000000
708000 C 589 55 78 5000000
709200 C 590 96 29 5000000
710400 C 591 77 35 5000000
711600 C 592 75 65 5000000
712800 C 593 28 76 5000000
714000 C 594 1 35 5000000
715200 C 595 49 60 5000000
716400 C 596 80 14 5000000
717600 C 597 80 95 5000000
718800 C 598 60 88 5000000
720000 C 599 53 26 5000000
721200 C 600 28 52 5000000
722400 C 601 54 11 5000000
723600 C 602 8 61 5000000
724800 C 603 40 49 5000000
726000 C 604 14 1 5000000
727200 C 605 27 83 5000000
728400 C 606 2 75 5000000
729600 C 607 83 42 5000000
730800 C 608 44 12 5000000
732000 C 609 3 27 5000000
733200 C 610 10 5 5000000
734400 C 611 65 21 5000000
735600 C 612 5 29 5000000
736800 C 613 7 58 5000000
738000 C 614 33 42 5000000
739200 C 615 3 90 5000000
740400 C 616 40 31 5000000
741600 C 617 12 97 5000000
742800 C 618 1 21 5000000
744000 C 619 65 70 5000000
745200 C 620 40 84 5000000
746400 C 621 79 57 5000000
747600 C 622 86 48 5000000
748800 C 623 95 87 5000000
750000 C 624 45 94 5000000
751200 C 625 78 7 5000000
752400 C 626 1 37 5000000
753600 C 627 68 60 5000000
754800 C 628 0 19 5000000
756000 C 629 88 36 5000000
757200 C 630 36 2 5000000
758400 C 631 30 15 5000000
759600 C 632 38 27 5000000
760800 C 633 92 39 5000000
762000 C 634 66 17 5000000
763200 C 635 88 68 5000000
764400 C 636 56 58 5000000
765600 C 637 53 51 5000000
766800 C 638 91 88 5000000
768000 C 639 55 67 5000000
769200 C 640 57 54 5000000
770400 C 641 74 13 5000000
771600 C 642 92 11 5000000
772800 C 643 14 69 5000000
774000 C 644 55 39 5000000
775200 C 645 49 35 5000000
776400 C 646 73 89 5000000
777600 C 647 89 28 5000000
778800 C 648 90 25 5000000
780000 C 649 30 46 5000000
781200 C 650 33 81 5000000
782400 C 651 43 3 5000000
783600 C 652 20 43 5000000
784800 C 653 96 39 5000000
786000 C 654 62 34 5000000
787200 C 655 6 21 5000000
788400 C 656 75 21 5000000
789600 C 657 61 27 5000000
790800 C 658 34 40 5000000
792000 C 659 13 85 5000000
793200 C 660 33 71 5000000
794400 C 661 47 53 5000000
795600 C 662 56 75 5000000
796800 C 663 79 67 5000000
798000 C 664 19 54 5000000
799200 C 665 91 48 5000000
800400 C 666 19 31 5000000
801600 C 667 21 4 5000000
802800 C 668 78 12 5000000
804000 C 669 25 2 5000000
805200 C 670 97 22 5000000
806400 C 671 82 18 5000000
807600 C 672 8 21 5000000
808800 C 673 97 32 5000000
810000 C 674 10 7 5000000
811200 C 675 49 15 5000000
812400 C 676 56 5 5000000
813600 C 677 28 64 5000000
814800 C 678 59 23 5000000
816000 C 679 85 49 5000000
817200 C 680 28 11 5000000
818400 C 681 65 82 5000000
819600 C 682 68 57 5000000
820800 C 683 3 34 5000000
822000 C 684 96 78 5000000
823200 C 685 16 66 5000000
824400 C 686 25 31 5000000
825600 C 687 44 0 5000000
826800 C 688 48 56 5000000
828000 C 689 84 31 5000000
829200 C 690 82 89 5000000
830400 C 691 40 90 5000000
831600 C 692 83 13 5000000
832800 C 693 81 39 5000000
834000 C 694 16 93 5000000
835200 C 695 54 22 5000000
836400 C 696 66 63 5000000
837600 C 697 15 83 5000000
838800 C 698 34 64 5000000
840000 C 699 15 90 5000000
841200 C 700 92 9 5000000
842400 C 701 94 75 5000000
843600 C 702 93 55 5000000
844800 C 703 76 30 5000000
846000 C 704 78 41 5000000
847200 C 705 56 87 5000000
848400 C 706 54 50 5000000
849600 C 707 41 25 5000000
850800 C 708 15 95 5000000
852000 C 709 3 34 5000000
853200 C 710 9 44 5000000
854400 C 711 48 84 5000000
855600 C 712 14 20 5000000
856800 C 713 75 94 5000000
858000 C 714 29 50 5000000
859200 C 715 97 40 5000000
860400 C 716 47 74 5000000
861600 C 717 56 45 5000000
862800 C 718 53 0 5000000
864000 C 719 74 62 5000000
865200 C 720 86 49 5000000
866400 C 721 48 42 5000000
867600 C 722 1 0 5000000
868800 C 723 55 20 5000000
870000 C 724 70 30 5000000
871200 C 725 22 94 5000000
872400 C 726 36 2 5000000
873600 C 727 54 30 5000000
874800 C 728 3 63 5000000
876000 C 729 90 86 5000000
877200 C 730 77 36 5000000
878400 C 731 69 8 5000000
879600 C 732 31 11 5000000
880800 C 733 26 15 5000000
882000 C 734 81 28 5000000
883200 C 735 6 96 5000000
884400 C 736 74 59 5000000
885600 C 737 70 58 5000000
886800 C 738 47 33 5000000
888000 C 739 63 92 5000000
889200 C 740 96 44 5000000
890400 C 741 40 79 5000000
891600 C 742 53 28 5000000
892800 C 743 86 82 5000000
894000 C 744 79 7 5000000
895200 C 745 90 84 5000000
896400 C 746 7 98 5000000
897600 C 747 24 20 5000000
898800 C 748 94 36 5000000
900000 C 749 47 7 5000000
901200 C 750 39 97 5000000
902400 C 751 74 78 5000000
903600 C 752 5 31 5000000
904800 C 753 72 26 5000000
906000 C 754 50 53 5000000
907200 C 755 23 47 5000000
908400 C 756 49 43 5000000
909600 C 757 13 34 5000000
910800 C 758 60 93 5000000
912000 C 759 51 71 5000000
913200 C 760 67 36 5000000
914400 C 761 30 15 5000000
915600 C 762 67 57 5000000
916800 C 763 74 49 5000000
918000 C 764 45 35 5000000
919200 C 765 27 83 5000000
920400 C 766 15 58 5000000
921600 C 767 92 37 5000000
922800 C 768 63 80 5000000
924000 C 769 52 50 5000000
925200 C 770 21 12 5000000
926400 C 771 54 22 5000000
927600 C 772 63 47 5000000
928800 C 773 75 15 5000000
930000 C 774 97 34 5000000
931200 C 775 69 35 5000000
932400 C 776 33 21 5000000
933600 C 777 74 30 5000000
934800 C 778 62 33 5000000
936000 C 779 13 23 5000000
937200 C 780 92 19 5000000
938400 C 781 79 87 5000000
939600 C 782 16 10 5000000
940800 C 783 81 83 5000000
942000 C 784 38 91 5000000
943200 C 785 76 89 5000000
944400 C 786 4 36 5000000
945600 C 787 80 18 5000000
946800 C 788 23 66 5000000
948000 C 789 23 55 5000000
949200 C 790 40 58 5000000
950400 C 791 78 24 5000000
951600 C 792 63 70 5000000
952800 C 793 13 6 5000000
954000 C 794 9 89 5000000
955200 C 795 88 37 5000000
956400 C 796 42 74 5000000
957600 C 797 60 76 5000000
958800 C 798 58 29 5000000
960000 C 799 75 40 5000000
961200 C 800 46 63 5000000
962400 C 801 95 62 5000000
963600 C 802 75 66 5000000
964800 C 803 5 51 5000000
966000 C 804 79 35 5000000
967200 C 805 2 54 5000000
968400 C 806 49 38 5000000
969600 C 807 87 90 5000000
970800 C 808 59 22 5000000
972000 C 809 25 81 5000000
973200 C 810 88 17 5000000
974400 C 811 87 71 5000000
975600 C 812 62 98 5000000
976800 C 813 41 24 5000000
978000 C 814 5 90 5000000
979200 C 815 86 2 5000000
980400 C 816 29 98 5000000
981600 C 817 1 67 5000000
982800 C 818 76 14 5000000
984000 C 819 34 48 5000000
985200 C 820 42 98 5000000
986400 C 821 19 29 5000000
987600 C 822 80 57 5000000
988800 C 823 97 81 5000000
990000 C 824 7 68 5000000
991200 C 825 18 39 5000000
992400 C 826 80 8 5000000
993600 C 827 7 44 5000000
994800 C 828 7 29 5000000
996000 C 829 55 82 5000000
997200 C 830 7 24 5000000
998400 C 831 3 42 5000000
999600 C 832 22 57 5000000
1000800 C 833 11 43 5000000
1002000 C 834 24 53 5000000
1003200 C 835 71 26 5000000
1004400 C 836 60 34 5000000
1005600 C 837 9 46 5000000
1006800 C 838 24 57 5000000
1008000 C 839 41 79 5000000
1009200 C 840 20 91 5000000
1010400 C 841 82 75 5000000
1011600 C 842 93 82 5000000
1012800 C 843 36 59 5000000
1014000 C 844 88 23 5000000
1015200 C 845 51 85 5000000
1016400 C 846 45 77 5000000
1017600 C 847 36 41 5000000
1018800 C 848 0 16 5000000
1020000 C 849 26 68 5000000
1021200 C 850 22 57 5000000
1022400 C 851 87 59 5000000
1023600 C 852 42 98 5000000
1024800 C 853 44 18 5000000
1026000 C 854 67 49 5000000
1027200 C 855 3 14 5000000
1028400 C 856 59 48 5000000
1029600 C 857 38 36 5000000
1030800 C 858 24 61 5000000
1032000 C 859 80 47 5000000
1033200 C 860 73 80 5000000
1034400 C 861 88 3 5000000
1035600 C 862 98 88 5000000
1036800 C 863 62 73 5000000
1038000 C 864 54 30 5000000
1039200 C 865 71 82 5000000
1040400 C 866 50 28 5000000
1041600 C 867 96 62 5000000
1042800 C 868 35 78 5000000
1044000 C 869 76 20 5000000
1045200 C 870 17 0 5000000
1046400 C 871 97 84 5000000
1047600 C 872 34 59 5000000
1048800 C 873 71 48 5000000
1050000 C 874 68 24 5000000
1051200 C 875 60 28 5000000
1052400 C 876 82 55 5000000
1053600 C 877 65 60 5000000
1054800 C 878 8 52 5000000
1056000 C 879 40 4 5000000
1057200 C 880 74 82 5000000
1058400 C 881 17 23 5000000
1059600 C 882 79 83 5000000
1060800 C 883 94 57 5000000
1062000 C 884 52 15 5000000
1063200 C 885 11 74 5000000
1064400 C 886 28 2 5000000
1065600 C 887 82 48 5000000
1066800 C 888 84 18 5000000
1068000 C 889 18 28 5000000
1069200 C 890 27 73 5000000
1070400 C 891 49 41 5000000
1071600 C 892 17 10 5000000
1072800 C 893 91 41 5000000
1074000 C 894 67 49 5000000
1075200 C 895 90 98 5000000
1076400 C 896 34 24 5000000
1077600 C 897 78 8 5000000
1078800 C 898 58 96 5000000
1080000 C 899 68 94 5000000
1081200 C 900 14 30 5000000
1082400 C 901 10 90 5000000
1083600 C 902 27 14 5000000
1084800 C 903 1 98 5000000
1086000 C 904 48 98 5000000
1087200 C 905 79 11 5000000
1088400 C 906 91 28 5000000
1089600 C 907 13 85 5000000
1090800 C 908 89 56 5000000
1092000 C 909 55 45 5000000
1093200 C 910 95 61 5000000
1094400 C 911 55 34 5000000
1095600 C 912 68 46 5000000
1096800 C 913 30 70 5000000
1098000 C 914 61 67 5000000
1099200 C 915 22 19 5000000
1100400 C 916 7 67 5000000
1101600 C 917 59 73 5000000
1102800 C 918 86 57 5000000
1104000 C 919 14 34 5000000
1105200 C 920 19 46 5000000
1106400 C 921 18 83 5000000
1107600 C 922 93 6 5000000
1108800 C 923 32 5 5000000
1110000 C 924 86 89 5000000
1111200 C 925 56 91 5000000
1112400 C 926 34 39 5000000
1113600 C 927 45 20 5000000
1114800 C 928 74 17 5000000
1116000 C 929 38 42 5000000
1117200 C 930 21 49 5000000
1118400 C 931 49 27 5000000
1119600 C 932 22 90 5000000
1120800 C 933 66 34 5000000
1122000 C 934 36 60 5000000
1123200 C 935 54 96 5000000
1124400 C 936 35 74 5000000
1125600 C 937 51 62 5000000
1126800 C 938 30 95 5000000
1128000 C 939 57 74 5000000
1129200 C 940 76 0 5000000
1130400 C 941 55 62 5000000
1131600 C 942 48 79 5000000
1132800 C 943 47 61 5000000
1134000 C 944 26 75 5000000
1135200 C 945 42 68 5000000
1136400 C 946 15 84 5000000
1137600 C 947 5 48 5000000
1138800 C 948 87 58 5000000
1140000 C 949 14 79 5000000
1141200 C 950 97 79 5000000
1142400 C 951 52 65 5000000
1143600 C 952 98 85 5000000
1144800 C 953 55 86 5000000
1146000 C 954 34 77 5000000
1147200 C 955 76 61 5000000
1148400 C 956 34 95 5000000
1149600 C 957 13 50 5000000
1150800 C 958 44 91 5000000
1152000 C 959 67 36 5000000
1153200 C 960 33 47 5000000
1154400 C 961 36 24 5000000
1155600 C 962 66 67 5000000
1156800 C 963 11 28 5000000
1158000 C 964 7 1 5000000
1159200 C 965 2 84 5000000
1160400 C 966 34 79 5000000
1161600 C 967 52 94 5000000
1162800 C 968 29 1 5000000
1164000 C 969 55 89 5000000
1165200 C 970 6 12 5000000
1166400 C 971 31 47 5000000
1167600 C 972 8 1 5000000
1168800 C 973 3 45 5000000
1170000 C 974 15 25 5000000
1171200 C 975 50 40 5000000
1172400 C 976 93 76 5000000
1173600 C 977 50 51 5000000
1174800 C 978 29 6 5000000
1176000 C 979 70 71 5000000
1177200 C 980 66 52 5000000
1178400 C 981 87 12 5000000
1179600 C 982 30 80 5000000
1180800 C 983 94 17 5000000
1182000 C 984 0 82 5000000
1183200 C 985 25 43 5000000
1184400 C 986 1 77 5000000
1185600 C 987 24 96 5000000
1186800 C 988 28 63 5000000
1188000 C 989 77 93 5000000
1189200 C 990 16 4 5000000
1190400 C 991 41 24 5000000
1191600 C 992 15 62 5000000
1192800 C 993 93 18 5000000
1194000 C 994 70 64 5000000
1195200 C 995 44 33 5000000
1196400 C 996 81 78 5000000
1197600 C 997 16 74 5000000
1198800 C 998 87 74 5000000
1200000 C 999 0 69 5000000
1201200 C 1000 68 27 5000000
1202400 C 1001 58 97 5000000
1203600 C 1002 66 94 5000000
1204800 C 1003 34 40 5000000
1206000 C 1004 8 88 5000000
1207200 C 1005 36 53 5000000
1208400 C 1006 80 86 5000000
