600 C 0 45 35 5000000
1200 C 1 41 49 5000000
1800 C 2 93 92 5000000
2400 C 3 10 84 5000000
3000 C 4 46 23 5000000
3600 C 5 79 34 5000000
4200 C 6 70 15 5000000
4800 C 7 13 5 5000000
5400 C 8 16 68 5000000
6000 C 9 11 23 5000000
6600 C 10 16 23 5000000
7200 C 11 6 77 5000000
7800 C 12 14 48 5000000
8400 C 13 89 72 5000000
9000 C 14 50 48 5000000
9600 C 15 24 34 5000000
10200 C 16 28 11 5000000
10800 C 17 98 55 5000000
11400 C 18 34 50 5000000
12000 C 19 41 44 5000000
12600 C 20 24 2 5000000
13200 C 21 54 19 5000000
13800 C 22 14 76 5000000
14400 C 23 89 32 5000000
15000 C 24 22 42 5000000
15600 C 25 1 71 5000000
16200 C 26 1 44 5000000
16800 C 27 59 66 5000000
17400 C 28 55 46 5000000
18000 C 29 94 85 5000000
18600 C 30 7 79 5000000
19200 C 31 77 6 5000000
19800 C 32 7 80 5000000
20400 C 33 83 73 5000000
21000 C 34 79 72 5000000
21600 C 35 77 35 5000000
22200 C 36 57 39 5000000
22800 C 37 91 68 5000000
23400 C 38 43 4 5000000
24000 C 39 33 63 5000000
24600 C 40 84 53 5000000
25200 C 41 9 38 5000000
25800 C 42 63 97 5000000
26400 C 43 35 98 5000000
27000 C 44 48 15 5000000
27600 C 45 0 89 5000000
28200 C 46 39 12 5000000
28800 C 47 1 31 5000000
29400 C 48 1 14 5000000
30000 C 49 11 37 5000000
30600 C 50 49 95 5000000
31200 C 51 12 18 5000000
31800 C 52 25 35 5000000
32400 C 53 10 51 5000000
33000 C 54 68 9 5000000
33600 C 55 13 61 5000000
34200 C 56 67 59 5000000
34800 C 57 14 72 5000000
35400 C 58 22 14 5000000
36000 C 59 21 14 5000000
36600 C 60 13 12 5000000
37200 C 61 70 65 5000000
37800 C 62 6 87 5000000
38400 C 63 37 88 5000000
39000 C 64 52 30 5000000
39600 C 65 1 2 5000000
40200 C 66 42 46 5000000
40800 C 67 55 17 5000000
41400 C 68 76 65 5000000
42000 C 69 88 39 5000000
42600 C 70 28 93 5000000
43200 C 71 45 90 5000000
43800 C 72 88 30 5000000
44400 C 73 41 35 5000000
45000 C 74 8 39 5000000
45600 C 75 24 42 5000000
46200 C 76 57 38 5000000
46800 C 77 98 27 5000000
47400 C 78 18 80 5000000
48000 C 79 28 20 5000000
48600 C 80 1 96 5000000
49200 C 81 62 82 5000000
49800 C 82 48 89 5000000
50400 C 83 69 31 5000000
51000 C 84 11 86 5000000
51600 C 85 5 35 5000000
52200 C 86 87 94 5000000
52800 C 87 82 8 5000000
53400 C 88 33 59 5000000
54000 C 89 41 7 5000000
54600 C 90 64 65 5000000
55200 C 91 98 69 5000000
55800 C 92 58 47 5000000
56400 C 93 46 89 5000000
57000 C 94 69 49 5000000
57600 C 95 66 19 5000000
58200 C 96 66 52 5000000
58800 C 97 7 59 5000000
59400 C 98 10 66 5000000
60000 C 99 57 0 5000000
60600 C 100 48 28 5000000
61200 C 101 37 20 5000000
61800 C 102 87 96 5000000
62400 C 103 28 29 5000000
63000 C 104 97 2 5000000
63600 C 105 13 64 5000000
64200 C 106 0 8 5000000
64800 C 107 6 26 5000000
65400 C 108 18 57 5000000
66000 C 109 92 14 5000000
66600 C 110 22 27 5000000
67200 C 111 94 12 5000000
67800 C 112 98 94 5000000
68400 C 113 22 30 5000000
69000 C 114 62 7 5000000
69600 C 115 77 27 5000000
70200 C 116 42 32 5000000
70800 C 117 58 96 5000000
71400 C 118 91 76 5000000
72000 C 119 71 39 5000000
72600 C 120 36 16 5000000
73200 C 121 39 20 5000000
73800 C 122 26 87 5000000
74400 C 123 9 38 5000000
75000 C 124 42 77 5000000
75600 C 125 70 51 5000000
76200 C 126 75 39 5000000
76800 C 127 31 82 5000000
77400 C 128 38 52 5000000
78000 C 129 85 68 5000000
78600 C 130 45 8 5000000
79200 C 131 53 32 5000000
79800 C 132 23 63 5000000
80400 C 133 10 3 5000000
81000 C 134 77 23 5000000
81600 C 135 22 52 5000000
82200 C 136 52 39 5000000
82800 C 137 60 8 5000000
83400 C 138 28 71 5000000
84000 C 139 7 87 5000000
84600 C 140 77 35 5000000
85200 C 141 63 90 5000000
85800 C 142 10 8 5000000
86400 C 143 62 81 5000000
87000 C 144 32 56 5000000
87600 C 145 56 57 5000000
88200 C 146 73 54 5000000
88800 C 147 19 30 5000000
89400 C 148 24 68 5000000
90000 C 149 95 26 5000000
90600 C 150 23 41 5000000
91200 C 151 51 86 5000000
91800 C 152 81 54 5000000
92400 C 153 62 23 5000000
93000 C 154 20 3 5000000
93600 C 155 76 83 5000000
94200 C 156 53 48 5000000
94800 C 157 53 7 5000000
95400 C 158 17 44 5000000
96000 C 159 56 44 5000000
96600 C 160 87 85 5000000
97200 C 161 36 23 5000000
97800 C 162 89 96 5000000
98400 C 163 24 78 5000000
99000 C 164 23 73 5000000
99600 C 165 6 53 5000000
100200 C 166 32 82 5000000
100800 C 167 97 29 5000000
101400 C 168 10 92 5000000
102000 C 169 43 21 5000000
102600 C 170 35 67 5000000
103200 C 171 95 39 5000000
103800 C 172 81 59 5000000
104400 C 173 0 91 5000000
105000 C 174 22 71 5000000
105600 C 175 37 45 5000000
106200 C 176 24 45 5000000
106800 C 177 88 41 5000000
107400 C 178 32 77 5000000
108000 C 179 29 44 5000000
108600 C 180 50 33 5000000
109200 C 181 29 2 5000000
109800 C 182 78 91 5000000
110400 C 183 78 7 5000000
111000 C 184 38 86 5000000
111600 C 185 69 3 5000000
112200 C 186 57 92 5000000
112800 C 187 20 11 5000000
113400 C 188 57 98 5000000
114000 C 189 0 4 5000000
114600 C 190 31 34 5000000
115200 C 191 27 59 5000000
115800 C 192 84 97 5000000
116400 C 193 52 79 5000000
117000 C 194 62 53 5000000
117600 C 195 75 47 5000000
118200 C 196 8 73 5000000
118800 C 197 74 90 5000000
119400 C 198 60 95 5000000
120000 C 199 94 57 5000000
120600 C 200 36 29 5000000
121200 C 201 94 13 5000000
121800 C 202 30 42 5000000
122400 C 203 0 69 5000000
123000 C 204 7 74 5000000
123600 C 205 17 25 5000000
124200 C 206 81 26 5000000
124800 C 207 23 58 5000000
125400 C 208 8 12 5000000
126000 C 209 51 47 5000000
126600 C 210 29 49 5000000
127200 C 211 91 19 5000000
127800 C 212 5 0 5000000
128400 C 213 31 17 5000000
129000 C 214 20 53 5000000
129600 C 215 88 16 5000000
130200 C 216 7 82 5000000
130800 C 217 88 85 5000000
131400 C 218 63 55 5000000
132000 C 219 93 61 5000000
132600 C 220 62 73 5000000
133200 C 221 85 95 5000000
133800 C 222 86 10 5000000
134400 C 223 30 32 5000000
135000 C 224 82 98 5000000
135600 C 225 66 35 5000000
136200 C 226 36 10 5000000
136800 C 227 80 28 5000000
137400 C 228 45 6 5000000
138000 C 229 94 48 5000000
138600 C 230 11 55 5000000
139200 C 231 53 91 5000000
139800 C 232 48 44 5000000
140400 C 233 28 81 5000000
141000 C 234 69 27 5000000
141600 C 235 80 17 5000000
142200 C 236 55 74 5000000
142800 C 237 1 41 5000000
143400 C 238 28 10 5000000
144000 C 239 52 7 5000000
144600 C 240 2 85 5000000
145200 C 241 40 68 5000000
145800 C 242 83 63 5000000
146400 C 243 74 39 5000000
147000 C 244 33 82 5000000
147600 C 245 78 56 5000000
148200 C 246 34 11 5000000
148800 C 247 69 18 5000000
149400 C 248 53 56 5000000
150000 C 249 37 48 5000000
150600 C 250 49 50 5000000
151200 C 251 20 74 5000000
151800 C 252 2 62 5000000
152400 C 253 0 96 5000000
153000 C 254 12 42 5000000
153600 C 255 84 58 5000000
154200 C 256 18 69 5000000
154800 C 257 32 87 5000000
155400 C 258 53 58 5000000
156000 C 259 27 65 5000000
156600 C 260 22 65 5000000
157200 C 261 42 64 5000000
157800 C 262 37 62 5000000
158400 C 263 61 46 5000000
159000 C 264 32 71 5000000
159600 C 265 61 16 5000000
160200 C 266 96 51 5000000
160800 C 267 56 0 5000000
161400 C 268 8 21 5000000
162000 C 269 70 27 5000000
162600 C 270 22 92 5000000
163200 C 271 3 52 5000000
163800 C 272 65 57 5000000
164400 C 273 29 41 5000000
165000 C 274 79 22 5000000
165600 C 275 24 91 5000000
166200 C 276 70 9 5000000
166800 C 277 15 17 5000000
167400 C 278 36 1 5000000
168000 C 279 2 39 5000000
168600 C 280 20 56 5000000
169200 C 281 33 89 5000000
169800 C 282 57 26 5000000
170400 C 283 85 38 5000000
171000 C 284 11 33 5000000
171600 C 285 77 5 5000000
172200 C 286 7 78 5000000
172800 C 287 14 67 5000000
173400 C 288 48 78 5000000
174000 C 289 40 32 5000000
174600 C 290 92 90 5000000
175200 C 291 95 45 5000000
175800 C 292 56 87 5000000
176400 C 293 27 64 5000000
177000 C 294 91 60 5000000
177600 C 295 97 72 5000000
178200 C 296 80 38 5000000
178800 C 297 69 95 5000000
179400 C 298 78 68 5000000
180000 C 299 20 30 5000000
180600 C 300 91 98 5000000
181200 C 301 62 84 5000000
181800 C 302 34 67 5000000
182400 C 303 45 59 5000000
183000 C 304 66 60 5000000
183600 C 305 3 52 5000000
184200 C 306 32 15 5000000
184800 C 307 48 79 5000000
185400 C 308 18 80 5000000
186000 C 309 22 14 5000000
186600 C 310 18 38 5000000
187200 C 311 73 39 5000000
187800 C 312 29 58 5000000
188400 C 313 10 82 5000000
189000 C 314 81 72 5000000
189600 C 315 86 0 5000000
190200 C 316 61 28 5000000
190800 C 317 40 76 5000000
191400 C 318 29 98 5000000
192000 C 319 18 50 5000000
192600 C 320 40 20 5000000
193200 C 321 12 26 5000000
193800 C 322 92 57 5000000
194400 C 323 86 80 5000000
195000 C 324 28 47 5000000
195600 C 325 98 73 5000000
196200 C 326 69 79 5000000
196800 C 327 19 31 5000000
197400 C 328 34 27 5000000
198000 C 329 70 72 5000000
198600 C 330 64 45 5000000
199200 C 331 61 1 5000000
199800 C 332 79 16 5000000
200400 C 333 51 11 5000000
201000 C 334 78 87 5000000
201600 C 335 8 73 5000000
202200 C 336 73 44 5000000
202800 C 337 70 25 5000000
203400 C 338 2 52 5000000
204000 C 339 5 85 5000000
204600 C 340 9 3 5000000
205200 C 341 51 30 5000000
205800 C 342 97 57 5000000
206400 C 343 96 0 5000000
207000 C 344 82 40 5000000
207600 C 345 51 2 5000000
208200 C 346 35 54 5000000
208800 C 347 38 2 5000000
209400 C 348 95 94 5000000
210000 C 349 63 88 5000000
210600 C 350 15 2 5000000
211200 C 351 24 40 5000000
211800 C 352 53 78 5000000
212400 C 353 33 13 5000000
213000 C 354 35 51 5000000
213600 C 355 78 35 5000000
214200 C 356 72 59 5000000
214800 C 357 85 23 5000000
215400 C 358 18 36 5000000
216000 C 359 29 87 5000000
216600 C 360 64 24 5000000
217200 C 361 35 47 5000000
217800 C 362 78 52 5000000
218400 C 363 20 80 5000000
219000 C 364 24 89 5000000
219600 C 365 28 9 5000000
220200 C 366 31 42 5000000
220800 C 367 23 47 5000000
221400 C 368 22 9 5000000
222000 C 369 91 23 5000000
222600 C 370 82 11 5000000
223200 C 371 9 79 5000000
223800 C 372 85 26 5000000
224400 C 373 82 59 5000000
225000 C 374 29 62 5000000
225600 C 375 82 47 5000000
226200 C 376 79 61 5000000
226800 C 377 79 43 5000000
227400 C 378 65 73 5000000
228000 C 379 11 2 5000000
228600 C 380 8 43 5000000
229200 C 381 66 24 5000000
229800 C 382 68 91 5000000
230400 C 383 87 36 5000000
231000 C 384 9 7 5000000
231600 C 385 89 43 5000000
232200 C 386 75 84 5000000
232800 C 387 71 35 5000000
233400 C 388 12 34 5000000
234000 C 389 24 20 5000000
234600 C 390 17 18 5000000
235200 C 391 89 54 5000000
235800 C 392 21 34 5000000
236400 C 393 58 19 5000000
237000 C 394 16 43 5000000
237600 C 395 61 51 5000000
238200 C 396 67 40 5000000
238800 C 397 26 46 5000000
239400 C 398 0 83 5000000
240000 C 399 94 5 5000000
240600 C 400 69 16 5000000
241200 C 401 61 77 5000000
241800 C 402 43 6 5000000
242400 C 403 0 39 5000000
243000 C 404 57 7 5000000
243600 C 405 77 3 5000000
244200 C 406 41 15 5000000
244800 C 407 31 10 5000000
245400 C 408 6 94 5000000
246000 C 409 37 70 5000000
246600 C 410 31 93 5000000
247200 C 411 10 81 5000000
247800 C 412 41 34 5000000
248400 C 413 33 52 5000000
249000 C 414 20 74 5000000
249600 C 415 69 32 5000000
250200 C 416 95 92 5000000
250800 C 417 90 62 5000000
251400 C 418 63 56 5000000
252000 C 419 13 69 5000000
252600 C 420 17 44 5000000
253200 C 421 26 39 5000000
253800 C 422 45 28 5000000
254400 C 423 12 88 5000000
255000 C 424 66 40 5000000
255600 C 425 36 77 5000000
256200 C 426 0 25 5000000
256800 C 427 8 15 5000000
257400 C 428 61 17 5000000
258000 C 429 94 81 5000000
258600 C 430 35 66 5000000
259200 C 431 97 63 5000000
259800 C 432 1 66 5000000
260400 C 433 2 38 5000000
261000 C 434 62 26 5000000
261600 C 435 70 16 5000000
262200 C 436 98 10 5000000
262800 C 437 86 85 5000000
263400 C 438 18 84 5000000
264000 C 439 22 37 5000000
264600 C 440 29 25 5000000
265200 C 441 7 14 5000000
265800 C 442 2 34 5000000
266400 C 443 13 75 5000000
267000 C 444 35 42 5000000
267600 C 445 11 6 5000000
268200 C 446 21 57 5000000
268800 C 447 65 2 5000000
269400 C 448 11 72 5000000
270000 C 449 79 96 5000000
270600 C 450 90 28 5000000
271200 C 451 10 52 5000000
271800 C 452 87 88 5000000
272400 C 453 41 81 5000000
273000 C 454 66 4 5000000
273600 C 455 23 53 5000000
274200 C 456 37 83 5000000
274800 C 457 40 11 5000000
275400 C 458 51 21 5000000
276000 C 459 94 37 5000000
276600 C 460 10 30 5000000
277200 C 461 76 59 5000000
277800 C 462 60 81 5000000
278400 C 463 47 41 5000000
279000 C 464 10 73 5000000
279600 C 465 57 96 5000000
280200 C 466 42 30 5000000
280800 C 467 40 91 5000000
281400 C 468 24 13 5000000
282000 C 469 56 73 5000000
282600 C 470 70 81 5000000
283200 C 471 85 75 5000000
283800 C 472 89 52 5000000
284400 C 473 61 62 5000000
285000 C 474 76 13 5000000
285600 C 475 67 61 5000000
286200 C 476 3 32 5000000
286800 C 477 80 83 5000000
287400 C 478 1 8 5000000
288000 C 479 77 43 5000000
288600 C 480 36 25 5000000
289200 C 481 64 1 5000000
289800 C 482 98 37 5000000
290400 C 483 8 26 5000000
291000 C 484 77 78 5000000
291600 C 485 86 65 5000000
292200 C 486 29 13 5000000
292800 C 487 47 74 5000000
293400 C 488 19 49 5000000
294000 C 489 12 74 5000000
294600 C 490 65 79 5000000
295200 C 491 29 49 5000000
295800 C 492 69 8 5000000
296400 C 493 32 47 5000000
297000 C 494 21 64 5000000
297600 C 495 4 29 5000000
298200 C 496 8 84 5000000
298800 C 497 95 38 5000000
299400 C 498 41 3 5000000
300000 C 499 80 76 5000000
300600 C 500 77 27 5000000
301200 C 501 97 61 5000000
301800 C 502 78 47 5000000
302400 C 503 58 66 5000000
303000 C 504 3 12 5000000
303600 C 505 35 71 5000000
304200 C 506 95 79 5000000
304800 C 507 14 13 5000000
305400 C 508 37 75 5000000
306000 C 509 9 25 5000000
306600 C 510 18 1 5000000
307200 C 511 17 2 5000000
307800 C 512 2 15 5000000
308400 C 513 84 16 5000000
309000 C 514 60 4 5000000
309600 C 515 32 53 5000000
310200 C 516 97 52 5000000
310800 C 517 60 11 5000000
311400 C 518 17 34 5000000
312000 C 519 45 40 5000000
312600 C 520 8 36 5000000
313200 C 521 74 7 5000000
313800 C 522 71 35 5000000
314400 C 523 93 20 5000000
315000 C 524 33 75 5000000
315600 C 525 81 60 5000000
316200 C 526 72 50 5000000
316800 C 527 47 18 5000000
317400 C 528 69 34 5000000
318000 C 529 30 52 5000000
318600 C 530 17 42 5000000
319200 C 531 17 66 5000000
319800 C 532 5 81 5000000
320400 C 533 71 49 5000000
321000 C 534 73 29 5000000
321600 C 535 43 12 5000000
322200 C 536 51 82 5000000
322800 C 537 4 30 5000000
323400 C 538 70 11 5000000
324000 C 539 59 36 5000000
324600 C 540 53 70 5000000
325200 C 541 44 29 5000000
325800 C 542 37 57 5000000
326400 C 543 93 65 5000000
327000 C 544 51 18 5000000
327600 C 545 15 6 5000000
328200 C 546 72 84 5000000
328800 C 547 22 93 5000000
329400 C 548 62 91 5000000
330000 C 549 10 80 5000000
330600 C 550 16 19 5000000
331200 C 551 70 63 5000000
331800 C 552 52 49 5000000
332400 C 553 65 53 5000000
333000 C 554 7 13 5000000
333600 C 555 40 45 5000000
334200 C 556 44 11 5000000
334800 C 557 35 54 5000000
335400 C 558 17 71 5000000
336000 C 559 74 47 5000000
336600 C 560 66 73 5000000
337200 C 561 15 57 5000000
337800 C 562 36 80 5000000
338400 C 563 2 63 5000000
339000 C 564 75 24 5000000
339600 C 565 12 74 5000000
340200 C 566 97 23 5000000
340800 C 567 72 96 5000000
341400 C 568 88 93 5000000
342000 C 569 4 70 5000000
342600 C 570 61 65 5000000
343200 C 571 77 39 5000000
343800 C 572 24 85 5000000
344400 C 573 43 13 5000000
345000 C 574 10 97 5000000
345600 C 575 30 88 5000000
346200 C 576 15 9 5000000
346800 C 577 27 50 5000000
347400 C 578 74 16 5000000
348000 C 579 10 21 5000000
348600 C 580 61 84 5000000
349200 C 581 12 18 5000000
349800 C 582 61 30 5000000
350400 C 583 20 83 5000000
351000 C 584 78 77 5000000
351600 C 585 12 81 5000000
352200 C 586 68 8 5000000
352800 C 587 86 61 5000000
353400 C 588 47 25 5000000
354000 C 589 54 76 5000000
354600 C 590 37 44 5000000
355200 C 591 94 40 5000000
355800 C 592 18 37 5000000
356400 C 593 13 23 5000000
357000 C 594 92 2 5000000
357600 C 595 60 25 5000000
358200 C 596 18 31 5000000
358800 C 597 77 60 5000000
359400 C 598 55 98 5000000
360000 C 599 30 87 5000000
360600 C 600 36 82 5000000
361200 C 601 69 55 5000000
361800 C 602 71 78 5000000
362400 C 603 0 73 5000000
363000 C 604 59 91 5000000
363600 C 605 77 54 5000000
364200 C 606 57 95 5000000
364800 C 607 23 22 5000000
365400 C 608 38 48 5000000
366000 C 609 66 69 5000000
366600 C 610 76 87 5000000
367200 C 611 71 0 5000000
367800 C 612 72 52 5000000
368400 C 613 62 89 5000000
369000 C 614 31 78 5000000
369600 C 615 80 2 5000000
370200 C 616 64 25 5000000
370800 C 617 61 83 5000000
371400 C 618 2 8 5000000
372000 C 619 84 87 5000000
372600 C 620 72 71 5000000
373200 C 621 34 8 5000000
373800 C 622 33 88 5000000
374400 C 623 64 78 5000000
375000 C 624 21 13 5000000
375600 C 625 23 0 5000000
376200 C 626 38 62 5000000
376800 C 627 46 29 5000000
377400 C 628 36 51 5000000
378000 C 629 76 17 5000000
378600 C 630 24 4 5000000
379200 C 631 57 41 5000000
379800 C 632 5 25 5000000
380400 C 633 97 1 5000000
381000 C 634 30 80 5000000
381600 C 635 43 32 5000000
382200 C 636 95 94 5000000
382800 C 637 54 83 5000000
383400 C 638 28 32 5000000
384000 C 639 50 66 5000000
384600 C 640 68 87 5000000
385200 C 641 51 78 5000000
385800 C 642 67 58 5000000
386400 C 643 92 6 5000000
387000 C 644 89 15 5000000
387600 C 645 63 62 5000000
388200 C 646 55 34 5000000
388800 C 647 59 72 5000000
389400 C 648 37 6 5000000
390000 C 649 57 26 5000000
390600 C 650 90 78 5000000
391200 C 651 97 70 5000000
391800 C 652 14 91 5000000
392400 C 653 41 50 5000000
393000 C 654 51 44 5000000
393600 C 655 79 83 5000000
394200 C 656 19 59 5000000
394800 C 657 89 34 5000000
395400 C 658 72 49 5000000
396000 C 659 63 84 5000000
396600 C 660 58 61 5000000
397200 C 661 79 94 5000000
397800 C 662 63 75 5000000
398400 C 663 67 66 5000000
399000 C 664 66 37 5000000
399600 C 665 29 35 5000000
400200 C 666 10 31 5000000
400800 C 667 7 6 5000000
401400 C 668 51 47 5000000
402000 C 669 51 88 5000000
402600 C 670 63 15 5000000
403200 C 671 30 9 5000000
403800 C 672 6 39 5000000
404400 C 673 69 88 5000000
405000 C 674 1 2 5000000
405600 C 675 17 70 5000000
406200 C 676 49 20 5000000
406800 C 677 25 11 5000000
407400 C 678 53 84 5000000
408000 C 679 76 92 5000000
408600 C 680 4 88 5000000
409200 C 681 35 53 5000000
409800 C 682 63 91 5000000
410400 C 683 87 61 5000000
411000 C 684 81 9 5000000
411600 C 685 77 45 5000000
412200 C 686 46 34 5000000
412800 C 687 10 18 5000000
413400 C 688 57 13 5000000
414000 C 689 23 91 5000000
414600 C 690 55 76 5000000
415200 C 691 51 64 5000000
415800 C 692 15 17 5000000
416400 C 693 74 53 5000000
417000 C 694 32 60 5000000
417600 C 695 86 19 5000000
418200 C 696 17 44 5000000
418800 C 697 41 89 5000000
419400 C 698 12 65 5000000
420000 C 699 28 22 5000000
420600 C 700 0 43 5000000
421200 C 701 86 77 5000000
421800 C 702 33 31 5000000
422400 C 703 41 51 5000000
423000 C 704 53 87 5000000
423600 C 705 82 34 5000000
424200 C 706 86 6 5000000
424800 C 707 96 62 5000000
425400 C 708 77 63 5000000
426000 C 709 94 21 5000000
426600 C 710 6 16 5000000
427200 C 711 12 42 5000000
427800 C 712 73 33 5000000
428400 C 713 10 12 5000000
429000 C 714 60 87 5000000
429600 C 715 15 81 5000000
430200 C 716 66 23 5000000
430800 C 717 2 42 5000000
431400 C 718 44 65 5000000
432000 C 719 22 98 5000000
432600 C 720 27 7 5000000
433200 C 721 75 97 5000000
433800 C 722 23 18 5000000
434400 C 723 66 82 5000000
435000 C 724 89 78 5000000
435600 C 725 71 48 5000000
436200 C 726 40 89 5000000
436800 C 727 55 94 5000000
437400 C 728 95 10 5000000
438000 C 729 58 20 5000000
438600 C 730 28 62 5000000
439200 C 731 70 84 5000000
439800 C 732 76 66 5000000
440400 C 733 4 8 5000000
441000 C 734 24 90 5000000
441600 C 735 22 87 5000000
442200 C 736 24 94 5000000
442800 C 737 92 43 5000000
443400 C 738 92 61 5000000
444000 C 739 95 59 5000000
444600 C 740 1 97 5000000
445200 C 741 43 26 5000000
445800 C 742 87 48 5000000
446400 C 743 78 10 5000000
447000 C 744 23 20 5000000
447600 C 745 42 52 5000000
448200 C 746 96 34 5000000
448800 C 747 90 96 5000000
449400 C 748 50 21 5000000
450000 C 749 25 52 5000000
450600 C 750 36 16 5000000
451200 C 751 17 55 5000000
451800 C 752 70 95 5000000
452400 C 753 77 64 5000000
453000 C 754 84 62 5000000
453600 C 755 12 31 5000000
454200 C 756 50 68 5000000
454800 C 757 70 63 5000000
455400 C 758 19 43 5000000
456000 C 759 77 26 5000000
456600 C 760 50 15 5000000
457200 C 761 43 36 5000000
457800 C 762 58 21 5000000
458400 C 763 87 5 5000000
459000 C 764 68 37 5000000
459600 C 765 68 74 5000000
460200 C 766 13 67 5000000
460800 C 767 21 25 5000000
461400 C 768 23 46 5000000
462000 C 769 55 12 5000000
462600 C 770 74 98 5000000
463200 C 771 12 50 5000000
463800 C 772 82 47 5000000
464400 C 773 87 30 5000000
465000 C 774 48 39 5000000
465600 C 775 62 59 5000000
466200 C 776 89 95 5000000
466800 C 777 22 68 5000000
467400 C 778 66 43 5000000
468000 C 779 80 12 5000000
468600 C 780 98 45 5000000
469200 C 781 71 35 5000000
469800 C 782 52 72 5000000
470400 C 783 79 89 5000000
471000 C 784 87 97 5000000
471600 C 785 50 36 5000000
472200 C 786 10 28 5000000
472800 C 787 73 80 5000000
473400 C 788 50 78 5000000
474000 C 789 86 66 5000000
474600 C 790 71 79 5000000
475200 C 791 13 78 5000000
475800 C 792 69 80 5000000
476400 C 793 64 66 5000000
477000 C 794 82 68 5000000
477600 C 795 13 91 5000000
478200 C 796 27 89 5000000
478800 C 797 34 26 5000000
479400 C 798 38 8 5000000
480000 C 799 74 13 5000000
480600 C 800 51 23 5000000
481200 C 801 96 71 5000000
481800 C 802 31 97 5000000
482400 C 803 64 10 5000000
483000 C 804 14 4 5000000
483600 C 805 34 22 5000000
484200 C 806 79 11 5000000
484800 C 807 18 31 5000000
485400 C 808 21 81 5000000
486000 C 809 0 67 5000000
486600 C 810 32 70 5000000
487200 C 811 18 15 5000000
487800 C 812 88 84 5000000
488400 C 813 0 88 5000000
489000 C 814 32 7 5000000
489600 C 815 63 38 5000000
490200 C 816 12 90 5000000
490800 C 817 19 41 5000000
491400 C 818 5 13 5000000
492000 C 819 86 76 5000000
492600 C 820 82 87 5000000
493200 C 821 45 44 5000000
493800 C 822 89 67 5000000
494400 C 823 64 56 5000000
495000 C 824 27 50 5000000
495600 C 825 7 1 5000000
496200 C 826 17 83 5000000
496800 C 827 91 69 5000000
497400 C 828 11 60 5000000
498000 C 829 62 38 5000000
498600 C 830 56 55 5000000
499200 C 831 31 61 5000000
499800 C 832 44 90 5000000
500400 C 833 36 48 5000000
501000 C 834 8 18 5000000
501600 C 835 28 59 5000000
502200 C 836 54 27 5000000
502800 C 837 2 35 5000000
503400 C 838 54 32 5000000
504000 C 839 68 16 5000000
504600 C 840 12 57 5000000
505200 C 841 13 31 5000000
505800 C 842 26 38 5000000
506400 C 843 45 56 5000000
507000 C 844 11 90 5000000
507600 C 845 72 67 5000000
508200 C 846 10 32 5000000
508800 C 847 38 83 5000000
509400 C 848 38 52 5000000
510000 C 849 58 44 5000000
510600 C 850 95 44 5000000
511200 C 851 86 77 5000000
511800 C 852 88 22 5000000
512400 C 853 2 97 5000000
513000 C 854 84 29 5000000
513600 C 855 63 44 5000000
514200 C 856 90 4 5000000
514800 C 857 6 51 5000000
515400 C 858 28 80 5000000
516000 C 859 31 53 5000000
516600 C 860 37 74 5000000
517200 C 861 74 30 5000000
517800 C 862 75 45 5000000
518400 C 863 98 11 5000000
519000 C 864 50 34 5000000
519600 C 865 27 6 5000000
520200 C 866 30 80 5000000
520800 C 867 46 21 5000000
521400 C 868 5 10 5000000
522000 C 869 86 51 5000000
522600 C 870 84 5 5000000
523200 C 871 18 4 5000000
523800 C 872 42 4 5000000
524400 C 873 43 75 5000000
525000 C 874 96 46 5000000
525600 C 875 29 64 5000000
526200 C 876 2 17 5000000
526800 C 877 2 80 5000000
527400 C 878 87 64 5000000
528000 C 879 87 8 5000000
528600 C 880 97 38 5000000
529200 C 881 48 94 5000000
529800 C 882 73 17 5000000
530400 C 883 98 61 5000000
531000 C 884 84 43 5000000
531600 C 885 90 60 5000000
532200 C 886 66 82 5000000
532800 C 887 46 25 5000000
533400 C 888 10 38 5000000
534000 C 889 63 72 5000000
534600 C 890 20 31 5000000
535200 C 891 41 50 5000000
535800 C 892 21 3 5000000
536400 C 893 38 30 5000000
537000 C 894 31 0 5000000
537600 C 895 13 83 5000000
538200 C 896 20 95 5000000
538800 C 897 63 19 5000000
539400 C 898 84 7 5000000
540000 C 899 54 4 5000000
540600 C 900 40 24 5000000
541200 C 901 77 70 5000000
541800 C 902 59 14 5000000
542400 C 903 20 59 5000000
543000 C 904 40 39 5000000
543600 C 905 29 20 5000000
544200 C 906 23 13 5000000
544800 C 907 65 63 5000000
545400 C 908 68 45 5000000
546000 C 909 19 90 5000000
546600 C 910 52 91 5000000
547200 C 911 48 88 5000000
547800 C 912 13 34 5000000
548400 C 913 98 12 5000000
549000 C 914 87 6 5000000
549600 C 915 6 25 5000000
550200 C 916 55 12 5000000
550800 C 917 79 69 5000000
551400 C 918 48 55 5000000
552000 C 919 71 23 5000000
552600 C 920 28 73 5000000
553200 C 921 97 62 5000000
553800 C 922 49 23 5000000
554400 C 923 5 95 5000000
555000 C 924 15 77 5000000
555600 C 925 50 33 5000000
556200 C 926 41 42 5000000
556800 C 927 63 27 5000000
557400 C 928 19 66 5000000
558000 C 929 87 14 5000000
558600 C 930 26 59 5000000
559200 C 931 49 75 5000000
559800 C 932 50 81 5000000
560400 C 933 47 54 5000000
561000 C 934 59 90 5000000
561600 C 935 46 31 5000000
562200 C 936 32 90 5000000
562800 C 937 7 69 5000000
563400 C 938 5 37 5000000
564000 C 939 38 98 5000000
564600 C 940 0 89 5000000
565200 C 941 90 74 5000000
565800 C 942 69 47 5000000
566400 C 943 5 8 5000000
567000 C 944 50 20 5000000
567600 C 945 60 29 5000000
568200 C 946 19 46 5000000
568800 C 947 13 61 5000000
569400 C 948 63 30 5000000
570000 C 949 20 9 5000000
570600 C 950 84 5 5000000
571200 C 951 73 54 5000000
571800 C 952 60 27 5000000
572400 C 953 49 6 5000000
573000 C 954 54 67 5000000
573600 C 955 73 31 5000000
574200 C 956 50 16 5000000
574800 C 957 69 12 5000000
575400 C 958 34 31 5000000
576000 C 959 7 32 5000000
576600 C 960 81 23 5000000
577200 C 961 11 47 5000000
577800 C 962 47 45 5000000
578400 C 963 40 75 5000000
579000 C 964 47 15 5000000
579600 C 965 49 97 5000000
580200 C 966 83 78 5000000
580800 C 967 29 25 5000000
581400 C 968 38 4 5000000
582000 C 969 72 13 5000000
582600 C 970 6 21 5000000
583200 C 971 27 36 5000000
583800 C 972 54 68 5000000
584400 C 973 53 65 5000000
585000 C 974 52 95 5000000
585600 C 975 96 74 5000000
586200 C 976 11 94 5000000
586800 C 977 26 81 5000000
587400 C 978 50 45 5000000
588000 C 979 51 38 5000000
588600 C 980 39 92 5000000
589200 C 981 38 2 5000000
589800 C 982 55 44 5000000
590400 C 983 98 58 5000000
591000 C 984 98 39 5000000
591600 C 985 70 17 5000000
592200 C 986 92 85 5000000
592800 C 987 84 74 5000000
593400 C 988 98 77 5000000
594000 C 989 35 57 5000000
594600 C 990 75 4 5000000
595200 C 991 90 97 5000000
595800 C 992 61 49 5000000
596400 C 993 49 88 5000000
597000 C 994 56 90 5000000
597600 C 995 32 97 5000000
598200 C 996 82 30 5000000
598800 C 997 46 86 5000000
599400 C 998 76 8 5000000
600000 C 999 23 51 5000000
600600 C 1000 54 70 5000000
601200 C 1001 38 61 5000000
601800 C 1002 92 34 5000000
602400 C 1003 26 95 5000000
603000 C 1004 39 20 5000000
603600 C 1005 19 48 5000000
604200 C 1006 66 62 5000000
604800 C 1007 24 39 5000000
605400 C 1008 75 74 5000000
606000 C 1009 50 97 5000000
606600 C 1010 65 38 5000000
607200 C 1011 6 48 5000000
607800 C 1012 41 29 5000000
608400 C 1013 46 57 5000000
609000 C 1014 26 70 5000000
609600 C 1015 28 66 5000000
610200 C 1016 72 91 5000000
610800 C 1017 2 83 5000000
611400 C 1018 59 7 5000000
612000 C 1019 15 42 5000000
612600 C 1020 47 57 5000000
613200 C 1021 82 58 5000000
613800 C 1022 87 8 5000000
614400 C 1023 38 27 5000000
615000 C 1024 18 65 5000000
615600 C 1025 63 72 5000000
616200 C 1026 34 22 5000000
616800 C 1027 22 65 5000000
617400 C 1028 32 20 5000000
618000 C 1029 80 86 5000000
618600 C 1030 1 2 5000000
619200 C 1031 24 17 5000000
619800 C 1032 83 59 5000000
620400 C 1033 57 6 5000000
621000 C 1034 95 74 5000000
621600 C 1035 11 0 5000000
622200 C 1036 52 72 5000000
622800 C 1037 16 85 5000000
623400 C 1038 94 17 5000000
624000 C 1039 79 18 5000000
624600 C 1040 64 6 5000000
625200 C 1041 91 26 5000000
625800 C 1042 91 21 5000000
626400 C 1043 29 12 5000000
627000 C 1044 16 54 5000000
627600 C 1045 78 8 5000000
628200 C 1046 12 2 5000000
628800 C 1047 91 69 5000000
629400 C 1048 75 68 5000000
630000 C 1049 25 18 5000000
630600 C 1050 29 40 5000000
631200 C 1051 66 8 5000000
631800 C 1052 11 14 5000000
632400 C 1053 91 15 5000000
633000 C 1054 6 80 5000000
633600 C 1055 20 16 5000000
634200 C 1056 79 52 5000000
634800 C 1057 95 24 5000000
635400 C 1058 96 65 5000000
636000 C 1059 2 23 5000000
636600 C 1060 59 49 5000000
637200 C 1061 57 90 5000000
637800 C 1062 98 20 5000000
638400 C 1063 83 42 5000000
639000 C 1064 4 15 5000000
639600 C 1065 75 59 5000000
640200 C 1066 27 69 5000000
640800 C 1067 35 22 5000000
641400 C 1068 27 51 5000000
642000 C 1069 46 93 5000000
642600 C 1070 41 44 5000000
643200 C 1071 79 41 5000000
643800 C 1072 25 54 5000000
644400 C 1073 40 68 5000000
645000 C 1074 15 14 5000000
645600 C 1075 84 11 5000000
646200 C 1076 28 66 5000000
646800 C 1077 51 16 5000000
647400 C 1078 52 86 5000000
648000 C 1079 94 30 5000000
648600 C 1080 3 12 5000000
649200 C 1081 15 97 5000000
649800 C 1082 40 35 5000000
650400 C 1083 13 6 5000000
651000 C 1084 41 19 5000000
651600 C 1085 85 65 5000000
652200 C 1086 94 29 5000000
652800 C 1087 22 7 5000000
653400 C 1088 50 98 5000000
654000 C 1089 70 31 5000000
654600 C 1090 18 11 5000000
655200 C 1091 84 93 5000000
655800 C 1092 79 50 5000000
656400 C 1093 4 48 5000000
657000 C 1094 57 71 5000000
657600 C 1095 88 87 5000000
658200 C 1096 96 50 5000000
658800 C 1097 83 4 5000000
659400 C 1098 26 57 5000000
660000 C 1099 60 6 5000000
660600 C 1100 31 50 5000000
661200 C 1101 4 47 5000000
661800 C 1102 49 50 5000000
662400 C 1103 34 59 5000000
663000 C 1104 56 85 5000000
663600 C 1105 24 9 5000000
664200 C 1106 96 38 5000000
664800 C 1107 31 1 5000000
665400 C 1108 12 40 5000000
666000 C 1109 73 24 5000000
666600 C 1110 14 74 5000000
667200 C 1111 90 82 5000000
667800 C 1112 22 37 5000000
668400 C 1113 28 23 5000000
669000 C 1114 38 80 5000000
669600 C 1115 73 13 5000000
670200 C 1116 14 39 5000000
670800 C 1117 12 21 5000000
671400 C 1118 86 42 5000000
672000 C 1119 16 78 5000000
672600 C 1120 13 81 5000000
673200 C 1121 27 40 5000000
673800 C 1122 15 81 5000000
674400 C 1123 41 42 5000000
675000 C 1124 12 19 5000000
675600 C 1125 86 30 5000000
676200 C 1126 97 77 5000000
676800 C 1127 34 12 5000000
677400 C 1128 59 68 5000000
678000 C 1129 77 30 5000000
678600 C 1130 53 64 5000000
679200 C 1131 35 29 5000000
679800 C 1132 79 54 5000000
680400 C 1133 89 76 5000000
681000 C 1134 7 19 5000000
681600 C 1135 35 25 5000000
682200 C 1136 83 53 5000000
682800 C 1137 46 52 5000000
683400 C 1138 23 65 5000000
684000 C 1139 35 15 5000000
684600 C 1140 79 59 5000000
685200 C 1141 47 20 5000000
685800 C 1142 32 77 5000000
686400 C 1143 76 94 5000000
687000 C 1144 30 67 5000000
687600 C 1145 36 5 5000000
688200 C 1146 53 94 5000000
688800 C 1147 37 52 5000000
689400 C 1148 54 86 5000000
690000 C 1149 18 2 5000000
690600 C 1150 39 0 5000000
691200 C 1151 43 82 5000000
691800 C 1152 30 57 5000000
692400 C 1153 86 19 5000000
693000 C 1154 38 52 5000000
693600 C 1155 65 25 5000000
694200 C 1156 95 49 5000000
694800 C 1157 80 4 5000000
695400 C 1158 55 17 5000000
696000 C 1159 45 70 5000000
696600 C 1160 42 81 5000000
697200 C 1161 62 77 5000000
697800 C 1162 23 66 5000000
698400 C 1163 19 18 5000000
699000 C 1164 33 90 5000000
699600 C 1165 4 45 5000000
700200 C 1166 58 93 5000000
700800 C 1167 77 71 5000000
701400 C 1168 61 35 5000000
702000 C 1169 49 84 5000000
702600 C 1170 66 40 5000000
703200 C 1171 44 52 5000000
703800 C 1172 67 46 5000000
704400 C 1173 52 7 5000000
705000 C 1174 10 35 5000000
705600 C 1175 74 91 5000000
706200 C 1176 24 7 5000000
706800 C 1177 56 29 5000000
707400 C 1178 64 58 5000000
708000 C 1179 66 73 5000000
708600 C 1180 66 73 5000000
709200 C 1181 47 98 5000000
709800 C 1182 61 33 5000000
710400 C 1183 65 22 5000000
711000 C 1184 10 42 5000000
711600 C 1185 53 27 5000000
712200 C 1186 52 92 5000000
712800 C 1187 58 82 5000000
713400 C 1188 53 62 5000000
714000 C 1189 45 32 5000000
714600 C 1190 44 6 5000000
715200 C 1191 35 6 5000000
715800 C 1192 93 1 5000000
716400 C 1193 13 86 5000000
717000 C 1194 26 39 5000000
717600 C 1195 81 74 5000000
718200 C 1196 1 84 5000000
718800 C 1197 41 37 5000000
719400 C 1198 7 39 5000000
720000 C 1199 68 12 5000000
720600 C 1200 9 24 5000000
721200 C 1201 66 82 5000000
721800 C 1202 90 98 5000000
722400 C 1203 24 44 5000000
723000 C 1204 46 59 5000000
723600 C 1205 67 11 5000000
724200 C 1206 30 36 5000000
724800 C 1207 73 95 5000000
725400 C 1208 53 93 5000000
726000 C 1209 68 88 5000000
726600 C 1210 83 90 5000000
727200 C 1211 73 55 5000000
727800 C 1212 38 3 5000000
728400 C 1213 6 85 5000000
729000 C 1214 12 83 5000000
729600 C 1215 71 39 5000000
730200 C 1216 25 19 5000000
730800 C 1217 43 38 5000000
731400 C 1218 93 47 5000000
732000 C 1219 82 41 5000000
732600 C 1220 21 60 5000000
733200 C 1221 12 51 5000000
733800 C 1222 60 36 5000000
734400 C 1223 12 62 5000000
735000 C 1224 60 55 5000000
735600 C 1225 68 77 5000000
736200 C 1226 29 28 5000000
736800 C 1227 91 57 5000000
737400 C 1228 2 90 5000000
738000 C 1229 4 22 5000000
738600 C 1230 59 44 5000000
739200 C 1231 5 6 5000000
739800 C 1232 31 49 5000000
740400 C 1233 48 37 5000000
741000 C 1234 89 20 5000000
741600 C 1235 44 26 5000000
742200 C 1236 23 79 5000000
742800 C 1237 71 26 5000000
743400 C 1238 86 93 5000000
744000 C 1239 18 51 5000000
744600 C 1240 81 63 5000000
745200 C 1241 83 22 5000000
745800 C 1242 21 33 5000000
746400 C 1243 76 47 5000000
747000 C 1244 4 88 5000000
747600 C 1245 62 69 5000000
748200 C 1246 35 24 5000000
748800 C 1247 74 50 5000000
749400 C 1248 94 40 5000000
750000 C 1249 52 86 5000000
750600 C 1250 69 58 5000000
751200 C 1251 36 9 5000000
751800 C 1252 40 6 5000000
752400 C 1253 35 34 5000000
753000 C 1254 53 69 5000000
753600 C 1255 74 93 5000000
754200 C 1256 55 63 5000000
754800 C 1257 75 15 5000000
755400 C 1258 43 21 5000000
756000 C 1259 94 92 5000000
756600 C 1260 49 0 5000000
757200 C 1261 76 30 5000000
757800 C 1262 8 19 5000000
758400 C 1263 41 43 5000000
759000 C 1264 40 82 5000000
759600 C 1265 95 75 5000000
760200 C 1266 87 37 5000000
760800 C 1267 37 75 5000000
761400 C 1268 70 26 5000000
762000 C 1269 23 89 5000000
762600 C 1270 42 62 5000000
763200 C 1271 83 84 5000000
763800 C 1272 35 22 5000000
764400 C 1273 16 96 5000000
765000 C 1274 46 29 5000000
765600 C 1275 65 37 5000000
766200 C 1276 26 85 5000000
766800 C 1277 66 70 5000000
767400 C 1278 40 86 5000000
768000 C 1279 12 92 5000000
768600 C 1280 46 55 5000000
769200 C 1281 16 80 5000000
769800 C 1282 13 85 5000000
770400 C 1283 14 54 5000000
771000 C 1284 30 62 5000000
771600 C 1285 8 52 5000000
772200 C 1286 33 40 5000000
772800 C 1287 70 27 5000000
773400 C 1288 82 95 5000000
774000 C 1289 7 57 5000000
774600 C 1290 79 86 5000000
775200 C 1291 30 15 5000000
775800 C 1292 85 6 5000000
776400 C 1293 44 18 5000000
777000 C 1294 48 40 5000000
777600 C 1295 58 7 5000000
778200 C 1296 60 93 5000000
778800 C 1297 54 94 5000000
779400 C 1298 15 16 5000000
780000 C 1299 35 16 5000000
780600 C 1300 49 75 5000000
781200 C 1301 11 59 5000000
781800 C 1302 1 58 5000000
782400 C 1303 54 37 5000000
783000 C 1304 26 13 5000000
783600 C 1305 1 44 5000000
784200 C 1306 14 66 5000000
784800 C 1307 66 80 5000000
785400 C 1308 44 79 5000000
786000 C 1309 47 41 5000000
786600 C 1310 57 72 5000000
787200 C 1311 53 28 5000000
787800 C 1312 58 59 5000000
788400 C 1313 45 60 5000000
789000 C 1314 82 81 5000000
789600 C 1315 41 13 5000000
790200 C 1316 45 96 5000000
790800 C 1317 72 49 5000000
791400 C 1318 88 75 5000000
792000 C 1319 18 29 5000000
792600 C 1320 17 65 5000000
793200 C 1321 18 33 5000000
793800 C 1322 43 66 5000000
794400 C 1323 71 63 5000000
795000 C 1324 97 94 5000000
795600 C 1325 33 35 5000000
796200 C 1326 43 84 5000000
796800 C 1327 9 61 5000000
797400 C 1328 29 54 5000000
798000 C 1329 49 91 5000000
798600 C 1330 48 64 5000000
799200 C 1331 66 20 5000000
799800 C 1332 77 20 5000000
800400 C 1333 19 17 5000000
801000 C 1334 42 40 5000000
801600 C 1335 20 58 5000000
802200 C 1336 77 68 5000000
802800 C 1337 7 14 5000000
803400 C 1338 85 70 5000000
804000 C 1339 82 84 5000000
804600 C 1340 26 83 5000000
805200 C 1341 91 3 5000000
805800 C 1342 94 30 5000000
806400 C 1343 39 27 5000000
807000 C 1344 31 63 5000000
807600 C 1345 28 78 5000000
808200 C 1346 14 10 5000000
808800 C 1347 1 26 5000000
809400 C 1348 52 83 5000000
810000 C 1349 55 36 5000000
810600 C 1350 5 70 5000000
811200 C 1351 97 59 5000000
811800 C 1352 21 15 5000000
812400 C 1353 14 40 5000000
813000 C 1354 45 62 5000000
813600 C 1355 20 7 5000000
814200 C 1356 3 37 5000000
814800 C 1357 89 96 5000000
815400 C 1358 85 12 5000000
816000 C 1359 39 10 5000000
816600 C 1360 74 10 5000000
817200 C 1361 10 98 5000000
817800 C 1362 10 6 5000000
818400 C 1363 90 25 5000000
819000 C 1364 27 87 5000000
819600 C 1365 40 54 5000000
820200 C 1366 24 13 5000000
820800 C 1367 35 9 5000000
821400 C 1368 27 51 5000000
822000 C 1369 93 97 5000000
822600 C 1370 4 40 5000000
823200 C 1371 90 82 5000000
823800 C 1372 45 34 5000000
824400 C 1373 17 41 5000000
825000 C 1374 90 18 5000000
825600 C 1375 85 84 5000000
826200 C 1376 63 34 5000000
826800 C 1377 10 56 5000000
827400 C 1378 70 55 5000000
828000 C 1379 31 23 5000000
828600 C 1380 85 51 5000000
829200 C 1381 5 60 5000000
829800 C 1382 88 85 5000000
830400 C 1383 77 51 5000000
831000 C 1384 14 69 5000000
831600 C 1385 45 96 5000000
832200 C 1386 3 51 5000000
832800 C 1387 27 4 5000000
833400 C 1388 61 78 5000000
834000 C 1389 50 22 5000000
834600 C 1390 28 44 5000000
835200 C 1391 85 87 5000000
835800 C 1392 55 48 5000000
836400 C 1393 76 19 5000000
837000 C 1394 72 17 5000000
837600 C 1395 31 29 5000000
838200 C 1396 41 26 5000000
838800 C 1397 10 68 5000000
839400 C 1398 11 65 5000000
840000 C 1399 70 48 5000000
840600 C 1400 94 60 5000000
841200 C 1401 39 61 5000000
841800 C 1402 26 24 5000000
842400 C 1403 42 58 5000000
843000 C 1404 13 3 5000000
843600 C 1405 12 34 5000000
844200 C 1406 87 48 5000000
844800 C 1407 32 59 5000000
845400 C 1408 69 95 5000000
846000 C 1409 58 89 5000000
846600 C 1410 80 50 5000000
847200 C 1411 78 5 5000000
847800 C 1412 71 45 5000000
848400 C 1413 94 73 5000000
849000 C 1414 65 55 5000000
849600 C 1415 86 91 5000000
850200 C 1416 75 76 5000000
850800 C 1417 97 15 5000000
851400 C 1418 40 97 5000000
852000 C 1419 13 6 5000000
852600 C 1420 2 8 5000000
853200 C 1421 22 57 5000000
853800 C 1422 66 73 5000000
854400 C 1423 60 67 5000000
855000 C 1424 96 16 5000000
855600 C 1425 90 17 5000000
856200 C 1426 5 78 5000000
856800 C 1427 61 58 5000000
857400 C 1428 76 79 5000000
858000 C 1429 43 14 5000000
858600 C 1430 60 58 5000000
859200 C 1431 88 17 5000000
859800 C 1432 64 16 5000000
860400 C 1433 2 8 5000000
861000 C 1434 96 60 5000000
861600 C 1435 52 64 5000000
862200 C 1436 59 65 5000000
862800 C 1437 22 83 5000000
863400 C 1438 27 0 5000000
864000 C 1439 16 14 5000000
864600 C 1440 2 81 5000000
865200 C 1441 20 64 5000000
865800 C 1442 12 45 5000000
866400 C 1443 58 80 5000000
867000 C 1444 80 13 5000000
867600 C 1445 72 40 5000000
868200 C 1446 30 45 5000000
868800 C 1447 24 57 5000000
869400 C 1448 90 58 5000000
870000 C 1449 64 34 5000000
870600 C 1450 25 88 5000000
871200 C 1451 84 91 5000000
871800 C 1452 74 23 5000000
872400 C 1453 70 89 5000000
873000 C 1454 58 53 5000000
873600 C 1455 3 55 5000000
874200 C 1456 13 36 5000000
874800 C 1457 75 98 5000000
875400 C 1458 94 22 5000000
876000 C 1459 21 90 5000000
876600 C 1460 67 31 5000000
877200 C 1461 90 89 5000000
877800 C 1462 36 0 5000000
878400 C 1463 56 0 5000000
879000 C 1464 44 54 5000000
879600 C 1465 54 67 5000000
880200 C 1466 45 40 5000000
880800 C 1467 90 36 5000000
881400 C 1468 10 73 5000000
882000 C 1469 98 87 5000000
882600 C 1470 6 95 5000000
883200 C 1471 73 43 5000000
883800 C 1472 96 56 5000000
884400 C 1473 25 21 5000000
885000 C 1474 87 84 5000000
885600 C 1475 53 33 5000000
886200 C 1476 37 84 5000000
886800 C 1477 98 4 5000000
887400 C 1478 32 57 5000000
888000 C 1479 96 8 5000000
888600 C 1480 2 39 5000000
889200 C 1481 7 57 5000000
889800 C 1482 89 0 5000000
890400 C 1483 79 71 5000000
891000 C 1484 2 16 5000000
891600 C 1485 79 96 5000000
892200 C 1486 71 69 5000000
892800 C 1487 75 31 5000000
893400 C 1488 68 22 5000000
894000 C 1489 22 2 5000000
894600 C 1490 98 17 5000000
895200 C 1491 6 90 5000000
895800 C 1492 3 40 5000000
896400 C 1493 70 1 5000000
897000 C 1494 87 26 5000000
897600 C 1495 36 47 5000000
898200 C 1496 27 72 5000000
898800 C 1497 49 53 5000000
899400 C 1498 37 74 5000000
900000 C 1499 71 68 5000000
900600 C 1500 21 2 5000000
901200 C 1501 55 92 5000000
901800 C 1502 49 19 5000000
902400 C 1503 18 60 5000000
903000 C 1504 13 69 5000000
903600 C 1505 48 70 5000000
904200 C 1506 44 36 5000000
904800 C 1507 77 87 5000000
905400 C 1508 70 40 5000000
906000 C 1509 65 51 5000000
906600 C 1510 93 33 5000000
907200 C 1511 93 72 5000000
907800 C 1512 26 61 5000000
908400 C 1513 69 54 5000000
909000 C 1514 14 55 5000000
909600 C 1515 12 6 5000000
910200 C 1516 12 9 5000000
910800 C 1517 32 69 5000000
911400 C 1518 67 17 5000000
912000 C 1519 0 20 5000000
912600 C 1520 82 0 5000000
913200 C 1521 67 8 5000000
913800 C 1522 48 84 5000000
914400 C 1523 75 42 5000000
915000 C 1524 21 68 5000000
915600 C 1525 90 13 5000000
916200 C 1526 29 32 5000000
916800 C 1527 98 86 5000000
917400 C 1528 28 93 5000000
918000 C 1529 35 81 5000000
918600 C 1530 58 96 5000000
919200 C 1531 42 91 5000000
919800 C 1532 1 73 5000000
920400 C 1533 38 13 5000000
921000 C 1534 20 27 5000000
921600 C 1535 46 51 5000000
922200 C 1536 7 8 5000000
922800 C 1537 17 69 5000000
923400 C 1538 10 32 5000000
924000 C 1539 65 60 5000000
924600 C 1540 65 84 5000000
925200 C 1541 74 64 5000000
925800 C 1542 29 15 5000000
926400 C 1543 59 7 5000000
927000 C 1544 81 61 5000000
927600 C 1545 46 52 5000000
928200 C 1546 79 30 5000000
928800 C 1547 70 27 5000000
929400 C 1548 62 64 5000000
930000 C 1549 27 36 5000000
930600 C 1550 11 95 5000000
931200 C 1551 80 66 5000000
931800 C 1552 89 90 5000000
932400 C 1553 44 55 5000000
933000 C 1554 3 52 5000000
933600 C 1555 39 73 5000000
934200 C 1556 32 65 5000000
934800 C 1557 55 59 5000000
935400 C 1558 76 25 5000000
936000 C 1559 50 47 5000000
936600 C 1560 91 10 5000000
937200 C 1561 35 61 5000000
937800 C 1562 45 67 5000000
938400 C 1563 32 96 5000000
939000 C 1564 49 52 5000000
939600 C 1565 17 97 5000000
940200 C 1566 89 68 5000000
940800 C 1567 33 54 5000000
941400 C 1568 86 92 5000000
942000 C 1569 24 44 5000000
942600 C 1570 52 51 5000000
943200 C 1571 52 97 5000000
943800 C 1572 42 78 5000000
944400 C 1573 24 78 5000000
945000 C 1574 29 74 5000000
945600 C 1575 57 25 5000000
946200 C 1576 65 13 5000000
946800 C 1577 98 12 5000000
947400 C 1578 35 32 5000000
948000 C 1579 79 4 5000000
948600 C 1580 87 94 5000000
949200 C 1581 65 38 5000000
949800 C 1582 23 51 5000000
950400 C 1583 0 76 5000000
951000 C 1584 34 50 5000000
951600 C 1585 34 12 5000000
952200 C 1586 42 96 5000000
952800 C 1587 67 58 5000000
953400 C 1588 81 67 5000000
954000 C 1589 53 43 5000000
954600 C 1590 13 88 5000000
955200 C 1591 68 58 5000000
955800 C 1592 5 70 5000000
956400 C 1593 2 61 5000000
957000 C 1594 43 6 5000000
957600 C 1595 17 31 5000000
958200 C 1596 83 84 5000000
958800 C 1597 89 7 5000000
959400 C 1598 83 61 5000000
960000 C 1599 7 50 5000000
960600 C 1600 64 20 5000000
961200 C 1601 35 6 5000000
961800 C 1602 73 48 5000000
962400 C 1603 33 50 5000000
963000 C 1604 23 92 5000000
963600 C 1605 37 22 5000000
964200 C 1606 8 52 5000000
964800 C 1607 1 44 5000000
965400 C 1608 64 44 5000000
966000 C 1609 2 88 5000000
966600 C 1610 76 12 5000000
967200 C 1611 81 13 5000000
967800 C 1612 8 76 5000000
968400 C 1613 66 17 5000000
969000 C 1614 33 15 5000000
969600 C 1615 69 89 5000000
970200 C 1616 19 63 5000000
970800 C 1617 60 67 5000000
971400 C 1618 20 86 5000000
972000 C 1619 60 20 5000000
972600 C 1620 95 30 5000000
973200 C 1621 35 83 5000000
973800 C 1622 7 16 5000000
974400 C 1623 89 13 5000000
975000 C 1624 12 23 5000000
975600 C 1625 84 91 5000000
976200 C 1626 52 34 5000000
976800 C 1627 84 95 5000000
977400 C 1628 5 56 5000000
978000 C 1629 98 81 5000000
978600 C 1630 78 80 5000000
979200 C 1631 58 42 5000000
979800 C 1632 28 87 5000000
980400 C 1633 75 2 5000000
981000 C 1634 38 25 5000000
981600 C 1635 88 84 5000000
982200 C 1636 12 93 5000000
982800 C 1637 43 91 5000000
983400 C 1638 55 2 5000000
984000 C 1639 29 97 5000000
984600 C 1640 69 80 5000000
985200 C 1641 71 13 5000000
985800 C 1642 94 69 5000000
986400 C 1643 12 93 5000000
987000 C 1644 93 73 5000000
987600 C 1645 55 45 5000000
988200 C 1646 79 3 5000000
988800 C 1647 56 70 5000000
989400 C 1648 4 70 5000000
990000 C 1649 7 27 5000000
990600 C 1650 6 21 5000000
991200 C 1651 17 10 5000000
991800 C 1652 73 57 5000000
992400 C 1653 5 57 5000000
993000 C 1654 14 46 5000000
993600 C 1655 15 51 5000000
994200 C 1656 7 12 5000000
994800 C 1657 33 18 5000000
995400 C 1658 14 70 5000000
996000 C 1659 62 38 5000000
996600 C 1660 81 70 5000000
997200 C 1661 20 24 5000000
997800 C 1662 80 42 5000000
998400 C 1663 37 94 5000000
999000 C 1664 44 93 5000000
999600 C 1665 13 89 5000000
1000200 C 1666 58 68 5000000
1000800 C 1667 43 3 5000000
1001400 C 1668 78 74 5000000
1002000 C 1669 21 87 5000000
1002600 C 1670 45 58 5000000
1003200 C 1671 46 93 5000000
1003800 C 1672 93 59 5000000
1004400 C 1673 77 6 5000000
1005000 C 1674 33 70 5000000
1005600 C 1675 10 54 5000000
1006200 C 1676 32 62 5000000
1006800 C 1677 95 84 5000000
1007400 C 1678 25 66 5000000
1008000 C 1679 8 57 5000000
1008600 C 1680 54 98 5000000
1009200 C 1681 50 21 5000000
1009800 C 1682 40 13 5000000
1010400 C 1683 50 41 5000000
1011000 C 1684 53 34 5000000
1011600 C 1685 10 7 5000000
1012200 C 1686 14 53 5000000
1012800 C 1687 19 86 5000000
1013400 C 1688 22 74 5000000
1014000 C 1689 33 98 5000000
1014600 C 1690 44 6 5000000
1015200 C 1691 94 93 5000000
1015800 C 1692 18 72 5000000
1016400 C 1693 12 0 5000000
1017000 C 1694 52 21 5000000
1017600 C 1695 69 67 5000000
1018200 C 1696 21 62 5000000
1018800 C 1697 87 81 5000000
1019400 C 1698 12 6 5000000
1020000 C 1699 84 62 5000000
1020600 C 1700 75 92 5000000
1021200 C 1701 28 18 5000000
1021800 C 1702 91 82 5000000
1022400 C 1703 76 20 5000000
1023000 C 1704 49 14 5000000
1023600 C 1705 0 25 5000000
1024200 C 1706 78 11 5000000
1024800 C 1707 84 5 5000000
1025400 C 1708 1 42 5000000
1026000 C 1709 6 25 5000000
1026600 C 1710 58 67 5000000
1027200 C 1711 26 3 5000000
1027800 C 1712 90 77 5000000
1028400 C 1713 82 6 5000000
1029000 C 1714 0 60 5000000
1029600 C 1715 39 94 5000000
1030200 C 1716 30 24 5000000
1030800 C 1717 59 39 5000000
1031400 C 1718 54 25 5000000
1032000 C 1719 81 74 5000000
1032600 C 1720 27 4 5000000
1033200 C 1721 92 18 5000000
1033800 C 1722 14 50 5000000
1034400 C 1723 27 94 5000000
1035000 C 1724 93 87 5000000
1035600 C 1725 77 92 5000000
1036200 C 1726 7 78 5000000
1036800 C 1727 72 42 5000000
1037400 C 1728 44 34 5000000
1038000 C 1729 23 58 5000000
1038600 C 1730 77 27 5000000
1039200 C 1731 22 29 5000000
1039800 C 1732 67 39 5000000
1040400 C 1733 23 16 5000000
1041000 C 1734 63 93 5000000
1041600 C 1735 83 16 5000000
1042200 C 1736 89 72 5000000
1042800 C 1737 80 66 5000000
1043400 C 1738 98 4 5000000
1044000 C 1739 88 46 5000000
1044600 C 1740 91 80 5000000
1045200 C 1741 26 15 5000000
1045800 C 1742 7 72 5000000
1046400 C 1743 54 8 5000000
1047000 C 1744 1 92 5000000
1047600 C 1745 75 59 5000000
1048200 C 1746 87 41 5000000
1048800 C 1747 10 97 5000000
1049400 C 1748 24 91 5000000
1050000 C 1749 58 61 5000000
1050600 C 1750 50 74 5000000
1051200 C 1751 12 84 5000000
1051800 C 1752 51 91 5000000
1052400 C 1753 57 56 5000000
1053000 C 1754 80 22 5000000
1053600 C 1755 31 21 5000000
1054200 C 1756 83 35 5000000
1054800 C 1757 83 88 5000000
1055400 C 1758 98 24 5000000
1056000 C 1759 46 35 5000000
1056600 C 1760 57 31 5000000
1057200 C 1761 63 32 5000000
1057800 C 1762 90 89 5000000
1058400 C 1763 97 46 5000000
1059000 C 1764 7 57 5000000
1059600 C 1765 53 79 5000000
1060200 C 1766 41 88 5000000
1060800 C 1767 73 17 5000000
1061400 C 1768 48 61 5000000
1062000 C 1769 79 28 5000000
1062600 C 1770 41 54 5000000
1063200 C 1771 64 23 5000000
1063800 C 1772 63 31 5000000
1064400 C 1773 35 88 5000000
1065000 C 1774 78 51 5000000
1065600 C 1775 9 36 5000000
1066200 C 1776 63 34 5000000
1066800 C 1777 4 43 5000000
1067400 C 1778 67 1 5000000
1068000 C 1779 20 41 5000000
1068600 C 1780 50 42 5000000
1069200 C 1781 33 65 5000000
1069800 C 1782 43 54 5000000
1070400 C 1783 74 84 5000000
1071000 C 1784 1 96 5000000
1071600 C 1785 13 36 5000000
1072200 C 1786 97 69 5000000
1072800 C 1787 2 55 5000000
1073400 C 1788 89 92 5000000
1074000 C 1789 82 87 5000000
1074600 C 1790 42 16 5000000
1075200 C 1791 7 67 5000000
1075800 C 1792 81 73 5000000
1076400 C 1793 83 4 5000000
1077000 C 1794 76 56 5000000
1077600 C 1795 69 21 5000000
1078200 C 1796 54 83 5000000
1078800 C 1797 24 37 5000000
1079400 C 1798 6 31 5000000
1080000 C 1799 7 39 5000000
1080600 C 1800 23 49 5000000
1081200 C 1801 83 6 5000000
1081800 C 1802 58 16 5000000
1082400 C 1803 40 25 5000000
1083000 C 1804 42 45 5000000
1083600 C 1805 14 25 5000000
1084200 C 1806 2 53 5000000
1084800 C 1807 55 20 5000000
1085400 C 1808 51 85 5000000
1086000 C 1809 74 77 5000000
1086600 C 1810 36 18 5000000
1087200 C 1811 38 83 5000000
1087800 C 1812 95 8 5000000
1088400 C 1813 79 31 5000000
1089000 C 1814 32 96 5000000
1089600 C 1815 24 3 5000000
1090200 C 1816 36 81 5000000
1090800 C 1817 34 10 5000000
1091400 C 1818 20 88 5000000
1092000 C 1819 23 84 5000000
1092600 C 1820 20 94 5000000
1093200 C 1821 49 37 5000000
1093800 C 1822 14 75 5000000
1094400 C 1823 98 23 5000000
1095000 C 1824 82 76 5000000
1095600 C 1825 13 70 5000000
1096200 C 1826 91 92 5000000
1096800 C 1827 37 61 5000000
1097400 C 1828 72 43 5000000
1098000 C 1829 7 67 5000000
1098600 C 1830 54 83 5000000
1099200 C 1831 33 60 5000000
1099800 C 1832 90 85 5000000
1100400 C 1833 34 15 5000000
1101000 C 1834 33 30 5000000
1101600 C 1835 0 85 5000000
1102200 C 1836 44 58 5000000
1102800 C 1837 73 68 5000000
1103400 C 1838 64 44 5000000
1104000 C 1839 38 1 5000000
1104600 C 1840 40 52 5000000
1105200 C 1841 58 82 5000000
1105800 C 1842 42 30 5000000
1106400 C 1843 33 83 5000000
1107000 C 1844 77 59 5000000
1107600 C 1845 65 62 5000000
1108200 C 1846 75 1 5000000
1108800 C 1847 50 25 5000000
1109400 C 1848 17 72 5000000
1110000 C 1849 75 59 5000000
1110600 C 1850 30 40 5000000
1111200 C 1851 4 76 5000000
1111800 C 1852 53 21 5000000
1112400 C 1853 34 17 5000000
1113000 C 1854 90 67 5000000
1113600 C 1855 60 56 5000000
1114200 C 1856 39 51 5000000
1114800 C 1857 67 39 5000000
1115400 C 1858 65 74 5000000
1116000 C 1859 62 73 5000000
1116600 C 1860 53 18 5000000
1117200 C 1861 53 34 5000000
1117800 C 1862 31 74 5000000
1118400 C 1863 46 60 5000000
1119000 C 1864 30 13 5000000
1119600 C 1865 44 13 5000000
1120200 C 1866 24 69 5000000
1120800 C 1867 56 79 5000000
1121400 C 1868 94 75 5000000
1122000 C 1869 14 21 5000000
1122600 C 1870 37 71 5000000
1123200 C 1871 72 19 5000000
1123800 C 1872 38 32 5000000
1124400 C 1873 2 10 5000000
1125000 C 1874 66 80 5000000
1125600 C 1875 63 0 5000000
1126200 C 1876 33 75 5000000
1126800 C 1877 35 0 5000000
1127400 C 1878 1 93 5000000
1128000 C 1879 88 0 5000000
1128600 C 1880 74 73 5000000
1129200 C 1881 5 37 5000000
1129800 C 1882 39 12 5000000
1130400 C 1883 13 49 5000000
1131000 C 1884 85 51 5000000
1131600 C 1885 60 45 5000000
1132200 C 1886 86 74 5000000
1132800 C 1887 92 86 5000000
1133400 C 1888 78 64 5000000
1134000 C 1889 25 94 5000000
1134600 C 1890 15 32 5000000
1135200 C 1891 86 67 5000000
1135800 C 1892 61 49 5000000
1136400 C 1893 36 14 5000000
1137000 C 1894 39 87 5000000
1137600 C 1895 59 13 5000000
1138200 C 1896 19 31 5000000
1138800 C 1897 8 4 5000000
1139400 C 1898 15 3 5000000
1140000 C 1899 46 91 5000000
1140600 C 1900 24 79 5000000
1141200 C 1901 27 71 5000000
1141800 C 1902 80 39 5000000
1142400 C 1903 98 21 5000000
1143000 C 1904 5 45 5000000
1143600 C 1905 13 82 5000000
1144200 C 1906 44 60 5000000
1144800 C 1907 76 35 5000000
1145400 C 1908 95 40 5000000
1146000 C 1909 87 16 5000000
1146600 C 1910 79 63 5000000
1147200 C 1911 95 3 5000000
1147800 C 1912 75 28 5000000
1148400 C 1913 23 71 5000000
1149000 C 1914 66 60 5000000
1149600 C 1915 62 57 5000000
1150200 C 1916 7 85 5000000
1150800 C 1917 23 57 5000000
1151400 C 1918 56 5 5000000
1152000 C 1919 64 84 5000000
1152600 C 1920 41 74 5000000
1153200 C 1921 61 59 5000000
1153800 C 1922 89 40 5000000
1154400 C 1923 79 15 5000000
1155000 C 1924 61 63 5000000
1155600 C 1925 49 59 5000000
1156200 C 1926 24 44 5000000
1156800 C 1927 31 38 5000000
1157400 C 1928 35 95 5000000
1158000 C 1929 78 22 5000000
1158600 C 1930 31 77 5000000
1159200 C 1931 33 10 5000000
1159800 C 1932 53 29 5000000
1160400 C 1933 73 48 5000000
1161000 C 1934 45 14 5000000
1161600 C 1935 95 37 5000000
1162200 C 1936 68 54 5000000
1162800 C 1937 92 22 5000000
1163400 C 1938 67 50 5000000
1164000 C 1939 33 1 5000000
1164600 C 1940 77 63 5000000
1165200 C 1941 52 93 5000000
1165800 C 1942 50 81 5000000
1166400 C 1943 42 4 5000000
1167000 C 1944 80 53 5000000
1167600 C 1945 89 84 5000000
1168200 C 1946 41 0 5000000
1168800 C 1947 34 6 5000000
1169400 C 1948 97 32 5000000
1170000 C 1949 73 83 5000000
1170600 C 1950 23 17 5000000
1171200 C 1951 86 7 5000000
1171800 C 1952 14 17 5000000
1172400 C 1953 43 30 5000000
1173000 C 1954 93 28 5000000
1173600 C 1955 10 67 5000000
1174200 C 1956 86 35 5000000
1174800 C 1957 60 69 5000000
1175400 C 1958 49 57 5000000
1176000 C 1959 22 72 5000000
1176600 C 1960 8 3 5000000
1177200 C 1961 22 85 5000000
1177800 C 1962 8 57 5000000
1178400 C 1963 96 61 5000000
1179000 C 1964 14 85 5000000
1179600 C 1965 9 53 5000000
1180200 C 1966 7 24 5000000
1180800 C 1967 53 31 5000000
1181400 C 1968 85 86 5000000
1182000 C 1969 33 86 5000000
1182600 C 1970 78 80 5000000
1183200 C 1971 82 83 5000000
1183800 C 1972 15 78 5000000
1184400 C 1973 12 56 5000000
1185000 C 1974 26 45 5000000
1185600 C 1975 86 45 5000000
1186200 C 1976 21 51 5000000
1186800 C 1977 51 18 5000000
1187400 C 1978 90 54 5000000
1188000 C 1979 33 27 5000000
1188600 C 1980 31 16 5000000
1189200 C 1981 78 10 5000000
1189800 C 1982 80 36 5000000
1190400 C 1983 52 10 5000000
1191000 C 1984 37 14 5000000
1191600 C 1985 51 87 5000000
1192200 C 1986 29 75 5000000
1192800 C 1987 34 24 5000000
1193400 C 1988 7 22 5000000
1194000 C 1989 52 21 5000000
1194600 C 1990 16 81 5000000
1195200 C 1991 4 0 5000000
1195800 C 1992 63 62 5000000
1196400 C 1993 2 55 5000000
1197000 C 1994 70 94 5000000
1197600 C 1995 41 7 5000000
1198200 C 1996 64 73 5000000
1198800 C 1997 56 84 5000000
1199400 C 1998 64 10 5000000
1200000 C 1999 32 25 5000000
1200600 C 2000 26 35 5000000
1201200 C 2001 75 96 5000000
1201800 C 2002 82 33 5000000
1202400 C 2003 61 1 5000000
1203000 C 2004 96 57 5000000
1203600 C 2005 26 14 5000000
1204200 C 2006 73 85 5000000
1204800 C 2007 89 25 5000000
1205400 C 2008 20 63 5000000
1206000 C 2009 33 68 5000000
1206600 C 2010 51 46 5000000
1207200 C 2011 61 39 5000000
1207800 C 2012 93 73 5000000
1208400 C 2013 25 79 5000000
1209000 C 2014 22 69 5000000
