400 C 0 40 89 5000000
800 C 1 83 18 5000000
1200 C 2 83 77 5000000
1600 C 3 72 80 5000000
2000 C 4 76 26 5000000
2400 C 5 36 69 5000000
2800 C 6 89 7 5000000
3200 C 7 33 31 5000000
3600 C 8 93 96 5000000
4000 C 9 18 19 5000000
4400 C 10 5 89 5000000
4800 C 11 52 61 5000000
5200 C 12 61 0 5000000
5600 C 13 17 93 5000000
6000 C 14 16 86 5000000
6400 C 15 67 28 5000000
6800 C 16 71 81 5000000
7200 C 17 44 20 5000000
7600 C 18 42 55 5000000
8000 C 19 81 1 5000000
8400 C 20 57 4 5000000
8800 C 21 83 80 5000000
9200 C 22 43 23 5000000
9600 C 23 52 43 5000000
10000 C 24 77 78 5000000
10400 C 25 35 58 5000000
10800 C 26 41 57 5000000
11200 C 27 51 29 5000000
11600 C 28 79 67 5000000
12000 C 29 5 68 5000000
12400 C 30 88 48 5000000
12800 C 31 21 4 5000000
13200 C 32 47 29 5000000
13600 C 33 68 97 5000000
14000 C 34 73 40 5000000
14400 C 35 37 35 5000000
14800 C 36 20 0 5000000
15200 C 37 24 21 5000000
15600 C 38 19 49 5000000
16000 C 39 13 59 5000000
16400 C 40 31 21 5000000
16800 C 41 53 11 5000000
17200 C 42 66 75 5000000
17600 C 43 27 18 5000000
18000 C 44 7 88 5000000
18400 C 45 34 82 5000000
18800 C 46 84 46 5000000
19200 C 47 4 77 5000000
19600 C 48 85 45 5000000
20000 C 49 92 21 5000000
20400 C 50 21 90 5000000
20800 C 51 97 70 5000000
21200 C 52 43 79 5000000
21600 C 53 26 20 5000000
22000 C 54 65 80 5000000
22400 C 55 4 45 5000000
22800 C 56 71 54 5000000
23200 C 57 16 88 5000000
23600 C 58 86 78 5000000
24000 C 59 25 24 5000000
24400 C 60 40 23 5000000
24800 C 61 23 7 5000000
25200 C 62 2 35 5000000
25600 C 63 93 81 5000000
26000 C 64 45 20 5000000
26400 C 65 48 93 5000000
26800 C 66 30 74 5000000
27200 C 67 7 76 5000000
27600 C 68 31 96 5000000
28000 C 69 24 25 5000000
28400 C 70 71 12 5000000
28800 C 71 88 81 5000000
29200 C 72 79 37 5000000
29600 C 73 9 70 5000000
30000 C 74 84 50 5000000
30400 C 75 94 89 5000000
30800 C 76 82 9 5000000
31200 C 77 17 8 5000000
31600 C 78 35 37 5000000
32000 C 79 13 52 5000000
32400 C 80 34 93 5000000
32800 C 81 23 44 5000000
33200 C 82 7 43 5000000
33600 C 83 85 94 5000000
34000 C 84 43 42 5000000
34400 C 85 95 38 5000000
34800 C 86 71 57 5000000
35200 C 87 42 52 5000000
35600 C 88 69 0 5000000
36000 C 89 69 14 5000000
36400 C 90 28 41 5000000
36800 C 91 4 44 5000000
37200 C 92 35 38 5000000
37600 C 93 67 93 5000000
38000 C 94 65 8 5000000
38400 C 95 83 43 5000000
38800 C 96 86 48 5000000
39200 C 97 97 33 5000000
39600 C 98 76 43 5000000
40000 C 99 93 21 5000000
40400 C 100 48 10 5000000
40800 C 101 52 87 5000000
41200 C 102 2 88 5000000
41600 C 103 83 25 5000000
42000 C 104 50 91 5000000
42400 C 105 60 83 5000000
42800 C 106 10 9 5000000
43200 C 107 82 28 5000000
43600 C 108 66 27 5000000
44000 C 109 84 58 5000000
44400 C 110 91 93 5000000
44800 C 111 80 14 5000000
45200 C 112 46 48 5000000
45600 C 113 85 47 5000000
46000 C 114 28 33 5000000
46400 C 115 16 1 5000000
46800 C 116 70 71 5000000
47200 C 117 20 15 5000000
47600 C 118 43 72 5000000
48000 C 119 5 88 5000000
48400 C 120 29 90 5000000
48800 C 121 20 76 5000000
49200 C 122 71 22 5000000
49600 C 123 1 33 5000000
50000 C 124 80 55 5000000
50400 C 125 89 49 5000000
50800 C 126 85 59 5000000
51200 C 127 47 5 5000000
51600 C 128 48 38 5000000
52000 C 129 45 77 5000000
52400 C 130 73 50 5000000
52800 C 131 7 8 5000000
53200 C 132 95 30 5000000
53600 C 133 63 96 5000000
54000 C 134 79 15 5000000
54400 C 135 93 5 5000000
54800 C 136 35 79 5000000
55200 C 137 94 80 5000000
55600 C 138 79 68 5000000
56000 C 139 62 5 5000000
56400 C 140 19 91 5000000
56800 C 141 71 67 5000000
57200 C 142 78 40 5000000
57600 C 143 45 31 5000000
58000 C 144 78 95 5000000
58400 C 145 79 45 5000000
58800 C 146 10 46 5000000
59200 C 147 56 1 5000000
59600 C 148 87 19 5000000
60000 C 149 0 66 5000000
60400 C 150 33 51 5000000
60800 C 151 49 86 5000000
61200 C 152 77 69 5000000
61600 C 153 17 92 5000000
62000 C 154 47 43 5000000
62400 C 155 82 88 5000000
62800 C 156 57 86 5000000
63200 C 157 10 4 5000000
63600 C 158 19 6 5000000
64000 C 159 0 55 5000000
64400 C 160 22 87 5000000
64800 C 161 13 69 5000000
65200 C 162 96 95 5000000
65600 C 163 0 15 5000000
66000 C 164 52 92 5000000
66400 C 165 66 71 5000000
66800 C 166 12 74 5000000
67200 C 167 51 57 5000000
67600 C 168 94 96 5000000
68000 C 169 49 2 5000000
68400 C 170 26 67 5000000
68800 C 171 53 15 5000000
69200 C 172 94 61 5000000
69600 C 173 9 46 5000000
70000 C 174 85 87 5000000
70400 C 175 56 36 5000000
70800 C 176 70 19 5000000
71200 C 177 12 0 5000000
71600 C 178 13 41 5000000
72000 C 179 51 69 5000000
72400 C 180 44 55 5000000
72800 C 181 49 55 5000000
73200 C 182 95 65 5000000
73600 C 183 63 2 5000000
74000 C 184 71 5 5000000
74400 C 185 18 85 5000000
74800 C 186 40 26 5000000
75200 C 187 23 78 5000000
75600 C 188 81 67 5000000
76000 C 189 95 0 5000000
76400 C 190 13 28 5000000
76800 C 191 51 11 5000000
77200 C 192 82 39 5000000
77600 C 193 41 64 5000000
78000 C 194 75 94 5000000
78400 C 195 76 95 5000000
78800 C 196 13 96 5000000
79200 C 197 10 91 5000000
79600 C 198 27 89 5000000
80000 C 199 79 15 5000000
80400 C 200 91 48 5000000
80800 C 201 55 45 5000000
81200 C 202 84 23 5000000
81600 C 203 19 75 5000000
82000 C 204 12 5 5000000
82400 C 205 11 0 5000000
82800 C 206 23 22 5000000
83200 C 207 35 62 5000000
83600 C 208 2 72 5000000
84000 C 209 85 17 5000000
84400 C 210 12 38 5000000
84800 C 211 36 27 5000000
85200 C 212 32 6 5000000
85600 C 213 26 52 5000000
86000 C 214 30 86 5000000
86400 C 215 50 1 5000000
86800 C 216 66 0 5000000
87200 C 217 1 66 5000000
87600 C 218 95 59 5000000
88000 C 219 85 64 5000000
88400 C 220 38 24 5000000
88800 C 221 65 64 5000000
89200 C 222 1 96 5000000
89600 C 223 36 48 5000000
90000 C 224 37 8 5000000
90400 C 225 41 8 5000000
90800 C 226 44 17 5000000
91200 C 227 56 57 5000000
91600 C 228 78 7 5000000
92000 C 229 91 37 5000000
92400 C 230 61 6 5000000
92800 C 231 47 61 5000000
93200 C 232 26 43 5000000
93600 C 233 84 71 5000000
94000 C 234 70 25 5000000
94400 C 235 43 12 5000000
94800 C 236 29 86 5000000
95200 C 237 79 9 5000000
95600 C 238 35 39 5000000
96000 C 239 25 66 5000000
96400 C 240 5 41 5000000
96800 C 241 12 13 5000000
97200 C 242 19 57 5000000
97600 C 243 78 10 5000000
98000 C 244 29 98 5000000
98400 C 245 24 29 5000000
98800 C 246 77 85 5000000
99200 C 247 19 80 5000000
99600 C 248 78 97 5000000
100000 C 249 9 29 5000000
100400 C 250 86 37 5000000
100800 C 251 93 5 5000000
101200 C 252 51 14 5000000
101600 C 253 94 42 5000000
102000 C 254 71 41 5000000
102400 C 255 10 28 5000000
102800 C 256 54 79 5000000
103200 C 257 32 60 5000000
103600 C 258 47 46 5000000
104000 C 259 14 15 5000000
104400 C 260 87 65 5000000
104800 C 261 20 36 5000000
105200 C 262 31 34 5000000
105600 C 263 43 69 5000000
106000 C 264 2 97 5000000
106400 C 265 54 98 5000000
106800 C 266 7 84 5000000
107200 C 267 91 76 5000000
107600 C 268 59 57 5000000
108000 C 269 88 46 5000000
108400 C 270 81 71 5000000
108800 C 271 55 48 5000000
109200 C 272 6 21 5000000
109600 C 273 84 31 5000000
110000 C 274 27 63 5000000
110400 C 275 27 70 5000000
110800 C 276 82 80 5000000
111200 C 277 25 94 5000000
111600 C 278 87 52 5000000
112000 C 279 54 5 5000000
112400 C 280 14 36 5000000
112800 C 281 66 69 5000000
113200 C 282 2 88 5000000
113600 C 283 31 63 5000000
114000 C 284 44 53 5000000
114400 C 285 69 94 5000000
114800 C 286 11 48 5000000
115200 C 287 63 92 5000000
115600 C 288 82 13 5000000
116000 C 289 50 53 5000000
116400 C 290 73 2 5000000
116800 C 291 27 51 5000000
117200 C 292 39 83 5000000
117600 C 293 70 20 5000000
118000 C 294 1 20 5000000
118400 C 295 74 35 5000000
118800 C 296 45 16 5000000
119200 C 297 59 68 5000000
119600 C 298 2 0 5000000
120000 C 299 22 47 5000000
120400 C 300 96 95 5000000
120800 C 301 31 87 5000000
121200 C 302 68 7 5000000
121600 C 303 45 14 5000000
122000 C 304 60 61 5000000
122400 C 305 98 83 5000000
122800 C 306 49 94 5000000
123200 C 307 11 3 5000000
123600 C 308 20 62 5000000
124000 C 309 30 95 5000000
124400 C 310 22 76 5000000
124800 C 311 49 0 5000000
125200 C 312 31 28 5000000
125600 C 313 38 16 5000000
126000 C 314 89 55 5000000
126400 C 315 46 24 5000000
126800 C 316 50 23 5000000
127200 C 317 62 13 5000000
127600 C 318 29 78 5000000
128000 C 319 8 91 5000000
128400 C 320 87 85 5000000
128800 C 321 82 14 5000000
129200 C 322 95 88 5000000
129600 C 323 19 49 5000000
130000 C 324 69 95 5000000
130400 C 325 95 25 5000000
130800 C 326 21 52 5000000
131200 C 327 47 40 5000000
131600 C 328 64 77 5000000
132000 C 329 67 43 5000000
132400 C 330 93 63 5000000
132800 C 331 52 81 5000000
133200 C 332 52 11 5000000
133600 C 333 16 71 5000000
134000 C 334 11 28 5000000
134400 C 335 50 1 5000000
134800 C 336 90 32 5000000
135200 C 337 45 73 5000000
135600 C 338 26 85 5000000
136000 C 339 10 66 5000000
136400 C 340 12 40 5000000
136800 C 341 32 40 5000000
137200 C 342 6 37 5000000
137600 C 343 77 6 5000000
138000 C 344 89 52 5000000
138400 C 345 2 87 5000000
138800 C 346 88 32 5000000
139200 C 347 40 27 5000000
139600 C 348 73 61 5000000
140000 C 349 69 36 5000000
140400 C 350 83 45 5000000
140800 C 351 67 39 5000000
141200 C 352 91 41 5000000
141600 C 353 74 48 5000000
142000 C 354 12 86 5000000
142400 C 355 65 27 5000000
142800 C 356 18 54 5000000
143200 C 357 20 30 5000000
143600 C 358 45 83 5000000
144000 C 359 70 9 5000000
144400 C 360 10 38 5000000
144800 C 361 92 22 5000000
145200 C 362 27 69 5000000
145600 C 363 46 74 5000000
146000 C 364 80 47 5000000
146400 C 365 1 61 5000000
146800 C 366 52 22 5000000
147200 C 367 97 81 5000000
147600 C 368 19 45 5000000
148000 C 369 60 72 5000000
148400 C 370 49 5 5000000
148800 C 371 52 19 5000000
149200 C 372 81 38 5000000
149600 C 373 41 65 5000000
150000 C 374 13 50 5000000
150400 C 375 78 90 5000000
150800 C 376 12 31 5000000
151200 C 377 72 8 5000000
151600 C 378 54 98 5000000
152000 C 379 91 21 5000000
152400 C 380 90 57 5000000
152800 C 381 71 35 5000000
153200 C 382 39 56 5000000
153600 C 383 56 87 5000000
154000 C 384 66 55 5000000
154400 C 385 85 2 5000000
154800 C 386 26 39 5000000
155200 C 387 50 92 5000000
155600 C 388 92 23 5000000
156000 C 389 98 4 5000000
156400 C 390 40 43 5000000
156800 C 391 10 77 5000000
157200 C 392 18 64 5000000
157600 C 393 82 84 5000000
158000 C 394 0 98 5000000
158400 C 395 35 63 5000000
158800 C 396 24 64 5000000
159200 C 397 24 63 5000000
159600 C 398 31 73 5000000
160000 C 399 2 13 5000000
160400 C 400 2 5 5000000
160800 C 401 5 37 5000000
161200 C 402 14 52 5000000
161600 C 403 77 18 5000000
162000 C 404 45 74 5000000
162400 C 405 22 3 5000000
162800 C 406 40 69 5000000
163200 C 407 19 55 5000000
163600 C 408 98 35 5000000
164000 C 409 4 88 5000000
164400 C 410 60 21 5000000
164800 C 411 35 34 5000000
165200 C 412 57 74 5000000
165600 C 413 20 28 5000000
166000 C 414 0 13 5000000
166400 C 415 15 51 5000000
166800 C 416 94 56 5000000
167200 C 417 66 11 5000000
167600 C 418 70 47 5000000
168000 C 419 79 41 5000000
168400 C 420 8 93 5000000
168800 C 421 91 24 5000000
169200 C 422 55 72 5000000
169600 C 423 89 79 5000000
170000 C 424 26 8 5000000
170400 C 425 88 52 5000000
170800 C 426 74 10 5000000
171200 C 427 61 10 5000000
171600 C 428 20 6 5000000
172000 C 429 27 24 5000000
172400 C 430 52 63 5000000
172800 C 431 23 6 5000000
173200 C 432 4 15 5000000
173600 C 433 28 12 5000000
174000 C 434 2 8 5000000
174400 C 435 67 49 5000000
174800 C 436 43 89 5000000
175200 C 437 78 57 5000000
175600 C 438 83 91 5000000
176000 C 439 55 26 5000000
176400 C 440 6 78 5000000
176800 C 441 62 63 5000000
177200 C 442 36 17 5000000
177600 C 443 52 13 5000000
178000 C 444 67 23 5000000
178400 C 445 80 73 5000000
178800 C 446 65 53 5000000
179200 C 447 68 36 5000000
179600 C 448 57 10 5000000
180000 C 449 66 26 5000000
180400 C 450 29 50 5000000
180800 C 451 71 45 5000000
181200 C 452 63 46 5000000
181600 C 453 73 97 5000000
182000 C 454 13 81 5000000
182400 C 455 84 25 5000000
182800 C 456 73 85 5000000
183200 C 457 10 25 5000000
183600 C 458 92 24 5000000
184000 C 459 79 53 5000000
184400 C 460 27 4 5000000
184800 C 461 98 84 5000000
185200 C 462 97 18 5000000
185600 C 463 85 28 5000000
186000 C 464 38 54 5000000
186400 C 465 27 34 5000000
186800 C 466 82 19 5000000
187200 C 467 10 24 5000000
187600 C 468 94 5 5000000
188000 C 469 72 41 5000000
188400 C 470 75 26 5000000
188800 C 471 74 76 5000000
189200 C 472 3 33 5000000
189600 C 473 33 15 5000000
190000 C 474 30 63 5000000
190400 C 475 77 16 5000000
190800 C 476 21 68 5000000
191200 C 477 63 43 5000000
191600 C 478 20 1 5000000
192000 C 479 88 67 5000000
192400 C 480 42 31 5000000
192800 C 481 36 60 5000000
193200 C 482 72 9 5000000
193600 C 483 76 47 5000000
194000 C 484 17 20 5000000
194400 C 485 36 23 5000000
194800 C 486 52 75 5000000
195200 C 487 4 18 5000000
195600 C 488 32 89 5000000
196000 C 489 27 21 5000000
196400 C 490 64 77 5000000
196800 C 491 83 89 5000000
197200 C 492 14 59 5000000
197600 C 493 15 68 5000000
198000 C 494 97 98 5000000
198400 C 495 90 49 5000000
198800 C 496 82 44 5000000
199200 C 497 87 93 5000000
199600 C 498 96 19 5000000
200000 C 499 30 72 5000000
200400 C 500 5 75 5000000
200800 C 501 49 31 5000000
201200 C 502 43 56 5000000
201600 C 503 96 86 5000000
202000 C 504 7 84 5000000
202400 C 505 45 55 5000000
202800 C 506 92 28 5000000
203200 C 507 68 26 5000000
203600 C 508 11 91 5000000
204000 C 509 43 1 5000000
204400 C 510 81 49 5000000
204800 C 511 12 61 5000000
205200 C 512 13 44 5000000
205600 C 513 80 81 5000000
206000 C 514 85 51 5000000
206400 C 515 94 89 5000000
206800 C 516 12 26 5000000
207200 C 517 35 93 5000000
207600 C 518 85 89 5000000
208000 C 519 13 98 5000000
208400 C 520 76 33 5000000
208800 C 521 69 40 5000000
209200 C 522 54 67 5000000
209600 C 523 10 97 5000000
210000 C 524 15 79 5000000
210400 C 525 16 89 5000000
210800 C 526 51 15 5000000
211200 C 527 10 92 5000000
211600 C 528 84 47 5000000
212000 C 529 4 73 5000000
212400 C 530 3 5 5000000
212800 C 531 7 54 5000000
213200 C 532 94 86 5000000
213600 C 533 33 61 5000000
214000 C 534 89 63 5000000
214400 C 535 53 90 5000000
214800 C 536 69 13 5000000
215200 C 537 39 38 5000000
215600 C 538 96 2 5000000
216000 C 539 54 39 5000000
216400 C 540 61 15 5000000
216800 C 541 75 63 5000000
217200 C 542 47 53 5000000
217600 C 543 50 0 5000000
218000 C 544 94 63 5000000
218400 C 545 52 43 5000000
218800 C 546 45 85 5000000
219200 C 547 35 13 5000000
219600 C 548 97 56 5000000
220000 C 549 72 78 5000000
220400 C 550 2 95 5000000
220800 C 551 14 83 5000000
221200 C 552 58 39 5000000
221600 C 553 13 53 5000000
222000 C 554 71 78 5000000
222400 C 555 8 31 5000000
222800 C 556 41 52 5000000
223200 C 557 60 44 5000000
223600 C 558 26 95 5000000
224000 C 559 85 55 5000000
224400 C 560 80 52 5000000
224800 C 561 1 51 5000000
225200 C 562 31 46 5000000
225600 C 563 97 4 5000000
226000 C 564 40 86 5000000
226400 C 565 26 38 5000000
226800 C 566 61 18 5000000
227200 C 567 29 48 5000000
227600 C 568 4 36 5000000
228000 C 569 95 23 5000000
228400 C 570 82 4 5000000
228800 C 571 14 95 5000000
229200 C 572 37 18 5000000
229600 C 573 57 89 5000000
230000 C 574 13 79 5000000
230400 C 575 17 55 5000000
230800 C 576 58 13 5000000
231200 C 577 67 24 5000000
231600 C 578 43 91 5000000
232000 C 579 81 51 5000000
232400 C 580 58 38 5000000
232800 C 581 52 91 5000000
233200 C 582 10 29 5000000
233600 C 583 17 10 5000000
234000 C 584 65 63 5000000
234400 C 585 54 9 5000000
234800 C 586 18 11 5000000
235200 C 587 45 10 5000000
235600 C 588 70 34 5000000
236000 C 589 89 39 5000000
236400 C 590 40 90 5000000
236800 C 591 75 31 5000000
237200 C 592 74 66 5000000
237600 C 593 64 37 5000000
238000 C 594 84 34 5000000
238400 C 595 23 60 5000000
238800 C 596 86 7 5000000
239200 C 597 4 16 5000000
239600 C 598 53 55 5000000
240000 C 599 47 32 5000000
240400 C 600 38 43 5000000
240800 C 601 50 87 5000000
241200 C 602 39 42 5000000
241600 C 603 88 76 5000000
242000 C 604 20 80 5000000
242400 C 605 17 5 5000000
242800 C 606 74 90 5000000
243200 C 607 75 69 5000000
243600 C 608 51 66 5000000
244000 C 609 47 62 5000000
244400 C 610 34 15 5000000
244800 C 611 80 45 5000000
245200 C 612 78 60 5000000
245600 C 613 26 93 5000000
246000 C 614 9 85 5000000
246400 C 615 9 37 5000000
246800 C 616 84 85 5000000
247200 C 617 62 28 5000000
247600 C 618 30 62 5000000
248000 C 619 57 28 5000000
248400 C 620 52 77 5000000
248800 C 621 74 22 5000000
249200 C 622 57 0 5000000
249600 C 623 92 83 5000000
250000 C 624 89 45 5000000
250400 C 625 31 56 5000000
250800 C 626 76 17 5000000
251200 C 627 11 91 5000000
251600 C 628 7 26 5000000
252000 C 629 63 89 5000000
252400 C 630 10 8 5000000
252800 C 631 4 20 5000000
253200 C 632 9 68 5000000
253600 C 633 8 9 5000000
254000 C 634 64 38 5000000
254400 C 635 38 54 5000000
254800 C 636 76 50 5000000
255200 C 637 26 19 5000000
255600 C 638 51 85 5000000
256000 C 639 96 67 5000000
256400 C 640 26 22 5000000
256800 C 641 43 67 5000000
257200 C 642 87 72 5000000
257600 C 643 56 13 5000000
258000 C 644 35 29 5000000
258400 C 645 52 60 5000000
258800 C 646 23 60 5000000
259200 C 647 40 64 5000000
259600 C 648 28 29 5000000
260000 C 649 5 13 5000000
260400 C 650 84 31 5000000
260800 C 651 68 59 5000000
261200 C 652 47 2 5000000
261600 C 653 32 27 5000000
262000 C 654 94 87 5000000
262400 C 655 12 56 5000000
262800 C 656 36 88 5000000
263200 C 657 9 55 5000000
263600 C 658 60 76 5000000
264000 C 659 95 48 5000000
264400 C 660 69 23 5000000
264800 C 661 74 79 5000000
265200 C 662 26 64 5000000
265600 C 663 36 12 5000000
266000 C 664 90 0 5000000
266400 C 665 11 87 5000000
266800 C 666 44 32 5000000
267200 C 667 4 59 5000000
267600 C 668 47 28 5000000
268000 C 669 75 52 5000000
268400 C 670 74 24 5000000
268800 C 671 20 91 5000000
269200 C 672 92 51 5000000
269600 C 673 2 68 5000000
270000 C 674 75 42 5000000
270400 C 675 50 45 5000000
270800 C 676 17 70 5000000
271200 C 677 69 5 5000000
271600 C 678 95 84 5000000
272000 C 679 0 30 5000000
272400 C 680 79 75 5000000
272800 C 681 15 81 5000000
273200 C 682 95 53 5000000
273600 C 683 36 53 5000000
274000 C 684 1 68 5000000
274400 C 685 95 26 5000000
274800 C 686 60 66 5000000
275200 C 687 50 84 5000000
275600 C 688 74 35 5000000
276000 C 689 51 94 5000000
276400 C 690 28 48 5000000
276800 C 691 66 81 5000000
277200 C 692 61 67 5000000
277600 C 693 7 75 5000000
278000 C 694 9 27 5000000
278400 C 695 96 1 5000000
278800 C 696 75 16 5000000
279200 C 697 93 46 5000000
279600 C 698 45 30 5000000
280000 C 699 88 79 5000000
280400 C 700 61 42 5000000
280800 C 701 50 68 5000000
281200 C 702 6 98 5000000
281600 C 703 5 66 5000000
282000 C 704 72 63 5000000
282400 C 705 49 3 5000000
282800 C 706 47 27 5000000
283200 C 707 98 93 5000000
283600 C 708 2 5 5000000
284000 C 709 50 59 5000000
284400 C 710 42 63 5000000
284800 C 711 75 9 5000000
285200 C 712 84 52 5000000
285600 C 713 97 43 5000000
286000 C 714 32 85 5000000
286400 C 715 69 49 5000000
286800 C 716 28 31 5000000
287200 C 717 57 17 5000000
287600 C 718 64 92 5000000
288000 C 719 25 67 5000000
288400 C 720 31 96 5000000
288800 C 721 68 24 5000000
289200 C 722 71 64 5000000
289600 C 723 89 34 5000000
290000 C 724 15 18 5000000
290400 C 725 30 94 5000000
290800 C 726 54 55 5000000
291200 C 727 91 15 5000000
291600 C 728 82 38 5000000
292000 C 729 7 64 5000000
292400 C 730 47 35 5000000
292800 C 731 30 74 5000000
293200 C 732 32 36 5000000
293600 C 733 51 41 5000000
294000 C 734 77 6 5000000
294400 C 735 71 70 5000000
294800 C 736 26 25 5000000
295200 C 737 27 83 5000000
295600 C 738 86 52 5000000
296000 C 739 21 64 5000000
296400 C 740 55 67 5000000
296800 C 741 86 33 5000000
297200 C 742 90 8 5000000
297600 C 743 74 68 5000000
298000 C 744 48 51 5000000
298400 C 745 30 13 5000000
298800 C 746 46 90 5000000
299200 C 747 65 18 5000000
299600 C 748 14 56 5000000
300000 C 749 42 72 5000000
300400 C 750 76 40 5000000
300800 C 751 85 70 5000000
301200 C 752 44 80 5000000
301600 C 753 5 45 5000000
302000 C 754 56 14 5000000
302400 C 755 34 74 5000000
302800 C 756 95 80 5000000
303200 C 757 34 0 5000000
303600 C 758 15 75 5000000
304000 C 759 24 13 5000000
304400 C 760 18 91 5000000
304800 C 761 45 11 5000000
305200 C 762 17 84 5000000
305600 C 763 10 73 5000000
306000 C 764 14 18 5000000
306400 C 765 28 45 5000000
306800 C 766 97 94 5000000
307200 C 767 73 51 5000000
307600 C 768 47 59 5000000
308000 C 769 12 89 5000000
308400 C 770 52 6 5000000
308800 C 771 38 70 5000000
309200 C 772 12 35 5000000
309600 C 773 97 64 5000000
310000 C 774 12 49 5000000
310400 C 775 3 27 5000000
310800 C 776 98 25 5000000
311200 C 777 80 16 5000000
311600 C 778 11 12 5000000
312000 C 779 14 59 5000000
312400 C 780 58 61 5000000
312800 C 781 80 67 5000000
313200 C 782 77 40 5000000
313600 C 783 36 19 5000000
314000 C 784 21 8 5000000
314400 C 785 73 78 5000000
314800 C 786 56 98 5000000
315200 C 787 76 83 5000000
315600 C 788 52 70 5000000
316000 C 789 70 65 5000000
316400 C 790 62 44 5000000
316800 C 791 90 31 5000000
317200 C 792 39 21 5000000
317600 C 793 86 81 5000000
318000 C 794 28 50 5000000
318400 C 795 60 57 5000000
318800 C 796 79 85 5000000
319200 C 797 94 85 5000000
319600 C 798 43 16 5000000
320000 C 799 80 14 5000000
320400 C 800 11 31 5000000
320800 C 801 33 97 5000000
321200 C 802 55 83 5000000
321600 C 803 18 74 5000000
322000 C 804 11 17 5000000
322400 C 805 79 89 5000000
322800 C 806 39 31 5000000
323200 C 807 30 54 5000000
323600 C 808 18 56 5000000
324000 C 809 41 92 5000000
324400 C 810 98 50 5000000
324800 C 811 44 3 5000000
325200 C 812 94 83 5000000
325600 C 813 83 62 5000000
326000 C 814 43 14 5000000
326400 C 815 31 9 5000000
326800 C 816 64 41 5000000
327200 C 817 31 64 5000000
327600 C 818 82 84 5000000
328000 C 819 61 73 5000000
328400 C 820 82 8 5000000
328800 C 821 81 49 5000000
329200 C 822 47 69 5000000
329600 C 823 91 78 5000000
330000 C 824 33 47 5000000
330400 C 825 62 78 5000000
330800 C 826 51 37 5000000
331200 C 827 97 82 5000000
331600 C 828 47 14 5000000
332000 C 829 31 28 5000000
332400 C 830 17 80 5000000
332800 C 831 56 88 5000000
333200 C 832 45 48 5000000
333600 C 833 15 30 5000000
334000 C 834 38 17 5000000
334400 C 835 23 39 5000000
334800 C 836 50 25 5000000
335200 C 837 25 81 5000000
335600 C 838 96 66 5000000
336000 C 839 20 92 5000000
336400 C 840 51 93 5000000
336800 C 841 2 79 5000000
337200 C 842 43 47 5000000
337600 C 843 23 39 5000000
338000 C 844 60 62 5000000
338400 C 845 40 60 5000000
338800 C 846 48 47 5000000
339200 C 847 75 9 5000000
339600 C 848 91 5 5000000
340000 C 849 77 81 5000000
340400 C 850 67 93 5000000
340800 C 851 5 48 5000000
341200 C 852 92 98 5000000
341600 C 853 72 91 5000000
342000 C 854 53 9 5000000
342400 C 855 90 89 5000000
342800 C 856 53 38 5000000
343200 C 857 65 17 5000000
343600 C 858 7 11 5000000
344000 C 859 20 91 5000000
344400 C 860 44 52 5000000
344800 C 861 44 32 5000000
345200 C 862 23 28 5000000
345600 C 863 97 3 5000000
346000 C 864 77 82 5000000
346400 C 865 3 33 5000000
346800 C 866 93 46 5000000
347200 C 867 51 80 5000000
347600 C 868 49 73 5000000
348000 C 869 51 7 5000000
348400 C 870 96 26 5000000
348800 C 871 48 50 5000000
349200 C 872 90 24 5000000
349600 C 873 24 18 5000000
350000 C 874 35 46 5000000
350400 C 875 26 94 5000000
350800 C 876 66 37 5000000
351200 C 877 53 81 5000000
351600 C 878 49 18 5000000
352000 C 879 84 79 5000000
352400 C 880 14 13 5000000
352800 C 881 0 44 5000000
353200 C 882 63 0 5000000
353600 C 883 86 28 5000000
354000 C 884 46 69 5000000
354400 C 885 89 90 5000000
354800 C 886 55 2 5000000
355200 C 887 65 77 5000000
355600 C 888 72 7 5000000
356000 C 889 84 42 5000000
356400 C 890 83 3 5000000
356800 C 891 58 68 5000000
357200 C 892 70 19 5000000
357600 C 893 11 24 5000000
358000 C 894 81 23 5000000
358400 C 895 93 88 5000000
358800 C 896 68 39 5000000
359200 C 897 60 91 5000000
359600 C 898 21 15 5000000
360000 C 899 95 82 5000000
360400 C 900 17 10 5000000
360800 C 901 12 45 5000000
361200 C 902 37 42 5000000
361600 C 903 61 26 5000000
362000 C 904 75 73 5000000
362400 C 905 93 44 5000000
362800 C 906 49 50 5000000
363200 C 907 49 66 5000000
363600 C 908 16 71 5000000
364000 C 909 96 44 5000000
364400 C 910 14 62 5000000
364800 C 911 87 78 5000000
365200 C 912 1 74 5000000
365600 C 913 73 90 5000000
366000 C 914 4 15 5000000
366400 C 915 39 27 5000000
366800 C 916 23 24 5000000
367200 C 917 53 9 5000000
367600 C 918 32 30 5000000
368000 C 919 74 29 5000000
368400 C 920 46 33 5000000
368800 C 921 93 54 5000000
369200 C 922 36 83 5000000
369600 C 923 56 70 5000000
370000 C 924 57 33 5000000
370400 C 925 11 72 5000000
370800 C 926 11 29 5000000
371200 C 927 38 13 5000000
371600 C 928 67 57 5000000
372000 C 929 94 21 5000000
372400 C 930 86 58 5000000
372800 C 931 82 22 5000000
373200 C 932 50 61 5000000
373600 C 933 23 83 5000000
374000 C 934 82 55 5000000
374400 C 935 47 2 5000000
374800 C 936 69 11 5000000
375200 C 937 4 62 5000000
375600 C 938 52 91 5000000
376000 C 939 4 7 5000000
376400 C 940 22 25 5000000
376800 C 941 53 92 5000000
377200 C 942 3 73 5000000
377600 C 943 32 76 5000000
378000 C 944 91 52 5000000
378400 C 945 55 31 5000000
378800 C 946 53 17 5000000
379200 C 947 97 16 5000000
379600 C 948 26 40 5000000
380000 C 949 36 26 5000000
380400 C 950 63 74 5000000
380800 C 951 63 10 5000000
381200 C 952 28 50 5000000
381600 C 953 79 19 5000000
382000 C 954 5 92 5000000
382400 C 955 15 7 5000000
382800 C 956 10 9 5000000
383200 C 957 86 52 5000000
383600 C 958 35 96 5000000
384000 C 959 64 27 5000000
384400 C 960 55 49 5000000
384800 C 961 63 60 5000000
385200 C 962 60 80 5000000
385600 C 963 23 50 5000000
386000 C 964 92 46 5000000
386400 C 965 87 40 5000000
386800 C 966 61 87 5000000
387200 C 967 90 52 5000000
387600 C 968 42 29 5000000
388000 C 969 11 66 5000000
388400 C 970 37 82 5000000
388800 C 971 13 29 5000000
389200 C 972 66 84 5000000
389600 C 973 48 7 5000000
390000 C 974 22 23 5000000
390400 C 975 12 42 5000000
390800 C 976 55 48 5000000
391200 C 977 29 74 5000000
391600 C 978 20 24 5000000
392000 C 979 34 64 5000000
392400 C 980 0 38 5000000
392800 C 981 8 74 5000000
393200 C 982 57 27 5000000
393600 C 983 36 42 5000000
394000 C 984 16 2 5000000
394400 C 985 23 86 5000000
394800 C 986 52 36 5000000
395200 C 987 54 86 5000000
395600 C 988 44 55 5000000
396000 C 989 54 58 5000000
396400 C 990 11 91 5000000
396800 C 991 73 14 5000000
397200 C 992 73 79 5000000
397600 C 993 19 72 5000000
398000 C 994 1 95 5000000
398400 C 995 33 7 5000000
398800 C 996 93 66 5000000
399200 C 997 92 7 5000000
399600 C 998 87 77 5000000
400000 C 999 64 46 5000000
400400 C 1000 85 73 5000000
400800 C 1001 0 60 5000000
401200 C 1002 80 37 5000000
401600 C 1003 43 28 5000000
402000 C 1004 62 67 5000000
402400 C 1005 29 82 5000000
402800 C 1006 71 58 5000000
403200 C 1007 24 4 5000000
403600 C 1008 40 15 5000000
404000 C 1009 63 6 5000000
404400 C 1010 13 40 5000000
404800 C 1011 12 85 5000000
405200 C 1012 36 29 5000000
405600 C 1013 85 88 5000000
406000 C 1014 80 49 5000000
406400 C 1015 12 83 5000000
406800 C 1016 11 4 5000000
407200 C 1017 29 72 5000000
407600 C 1018 16 93 5000000
408000 C 1019 70 85 5000000
408400 C 1020 96 87 5000000
408800 C 1021 11 3 5000000
409200 C 1022 97 22 5000000
409600 C 1023 39 44 5000000
410000 C 1024 64 74 5000000
410400 C 1025 10 57 5000000
410800 C 1026 31 19 5000000
411200 C 1027 18 72 5000000
411600 C 1028 90 43 5000000
412000 C 1029 77 22 5000000
412400 C 1030 65 54 5000000
412800 C 1031 28 11 5000000
413200 C 1032 41 80 5000000
413600 C 1033 39 43 5000000
414000 C 1034 24 50 5000000
414400 C 1035 78 36 5000000
414800 C 1036 90 57 5000000
415200 C 1037 85 74 5000000
415600 C 1038 91 31 5000000
416000 C 1039 81 54 5000000
416400 C 1040 68 72 5000000
416800 C 1041 69 80 5000000
417200 C 1042 30 53 5000000
417600 C 1043 69 64 5000000
418000 C 1044 32 43 5000000
418400 C 1045 5 44 5000000
418800 C 1046 22 63 5000000
419200 C 1047 83 12 5000000
419600 C 1048 84 25 5000000
420000 C 1049 12 94 5000000
420400 C 1050 40 88 5000000
420800 C 1051 83 30 5000000
421200 C 1052 24 38 5000000
421600 C 1053 98 67 5000000
422000 C 1054 61 56 5000000
422400 C 1055 46 0 5000000
422800 C 1056 79 91 5000000
423200 C 1057 80 1 5000000
423600 C 1058 2 92 5000000
424000 C 1059 82 44 5000000
424400 C 1060 54 63 5000000
424800 C 1061 86 77 5000000
425200 C 1062 18 54 5000000
425600 C 1063 77 46 5000000
426000 C 1064 39 52 5000000
426400 C 1065 35 74 5000000
426800 C 1066 14 46 5000000
427200 C 1067 60 86 5000000
427600 C 1068 92 60 5000000
428000 C 1069 56 93 5000000
428400 C 1070 36 15 5000000
428800 C 1071 64 80 5000000
429200 C 1072 17 50 5000000
429600 C 1073 3 33 5000000
430000 C 1074 1 65 5000000
430400 C 1075 50 23 5000000
430800 C 1076 13 93 5000000
431200 C 1077 56 31 5000000
431600 C 1078 62 54 5000000
432000 C 1079 59 55 5000000
432400 C 1080 72 74 5000000
432800 C 1081 13 21 5000000
433200 C 1082 94 21 5000000
433600 C 1083 90 27 5000000
434000 C 1084 65 60 5000000
434400 C 1085 1 57 5000000
434800 C 1086 23 8 5000000
435200 C 1087 77 52 5000000
435600 C 1088 63 39 5000000
436000 C 1089 55 87 5000000
436400 C 1090 59 45 5000000
436800 C 1091 81 4 5000000
437200 C 1092 48 16 5000000
437600 C 1093 14 56 5000000
438000 C 1094 73 94 5000000
438400 C 1095 52 55 5000000
438800 C 1096 88 30 5000000
439200 C 1097 1 26 5000000
439600 C 1098 53 11 5000000
440000 C 1099 60 44 5000000
440400 C 1100 71 48 5000000
440800 C 1101 58 4 5000000
441200 C 1102 87 39 5000000
441600 C 1103 54 70 5000000
442000 C 1104 36 56 5000000
442400 C 1105 51 2 5000000
442800 C 1106 39 42 5000000
443200 C 1107 54 8 5000000
443600 C 1108 76 53 5000000
444000 C 1109 21 27 5000000
444400 C 1110 45 70 5000000
444800 C 1111 3 52 5000000
445200 C 1112 89 96 5000000
445600 C 1113 27 48 5000000
446000 C 1114 13 64 5000000
446400 C 1115 51 8 5000000
446800 C 1116 0 98 5000000
447200 C 1117 48 8 5000000
447600 C 1118 63 46 5000000
448000 C 1119 96 80 5000000
448400 C 1120 38 41 5000000
448800 C 1121 8 3 5000000
449200 C 1122 0 71 5000000
449600 C 1123 81 36 5000000
450000 C 1124 32 68 5000000
450400 C 1125 82 63 5000000
450800 C 1126 80 9 5000000
451200 C 1127 83 87 5000000
451600 C 1128 46 89 5000000
452000 C 1129 35 55 5000000
452400 C 1130 49 5 5000000
452800 C 1131 59 35 5000000
453200 C 1132 70 29 5000000
453600 C 1133 95 41 5000000
454000 C 1134 23 7 5000000
454400 C 1135 49 59 5000000
454800 C 1136 76 41 5000000
455200 C 1137 92 71 5000000
455600 C 1138 93 41 5000000
456000 C 1139 89 78 5000000
456400 C 1140 21 76 5000000
456800 C 1141 18 6 5000000
457200 C 1142 15 41 5000000
457600 C 1143 86 22 5000000
458000 C 1144 51 19 5000000
458400 C 1145 16 41 5000000
458800 C 1146 14 26 5000000
459200 C 1147 25 33 5000000
459600 C 1148 63 52 5000000
460000 C 1149 37 27 5000000
460400 C 1150 11 4 5000000
460800 C 1151 12 57 5000000
461200 C 1152 9 56 5000000
461600 C 1153 69 23 5000000
462000 C 1154 0 36 5000000
462400 C 1155 33 68 5000000
462800 C 1156 11 47 5000000
463200 C 1157 47 86 5000000
463600 C 1158 6 85 5000000
464000 C 1159 40 85 5000000
464400 C 1160 91 15 5000000
464800 C 1161 4 75 5000000
465200 C 1162 68 23 5000000
465600 C 1163 84 33 5000000
466000 C 1164 87 20 5000000
466400 C 1165 61 97 5000000
466800 C 1166 27 68 5000000
467200 C 1167 93 61 5000000
467600 C 1168 69 52 5000000
468000 C 1169 32 65 5000000
468400 C 1170 81 8 5000000
468800 C 1171 27 12 5000000
469200 C 1172 68 41 5000000
469600 C 1173 17 50 5000000
470000 C 1174 76 15 5000000
470400 C 1175 97 14 5000000
470800 C 1176 65 55 5000000
471200 C 1177 39 80 5000000
471600 C 1178 30 42 5000000
472000 C 1179 14 80 5000000
472400 C 1180 72 71 5000000
472800 C 1181 79 21 5000000
473200 C 1182 22 69 5000000
473600 C 1183 7 96 5000000
474000 C 1184 35 54 5000000
474400 C 1185 35 1 5000000
474800 C 1186 49 2 5000000
475200 C 1187 78 88 5000000
475600 C 1188 67 39 5000000
476000 C 1189 46 55 5000000
476400 C 1190 50 46 5000000
476800 C 1191 69 73 5000000
477200 C 1192 3 95 5000000
477600 C 1193 66 11 5000000
478000 C 1194 8 93 5000000
478400 C 1195 94 46 5000000
478800 C 1196 93 45 5000000
479200 C 1197 8 46 5000000
479600 C 1198 95 69 5000000
480000 C 1199 3 78 5000000
480400 C 1200 33 39 5000000
480800 C 1201 50 48 5000000
481200 C 1202 30 72 5000000
481600 C 1203 63 47 5000000
482000 C 1204 65 25 5000000
482400 C 1205 31 79 5000000
482800 C 1206 28 19 5000000
483200 C 1207 94 53 5000000
483600 C 1208 47 10 5000000
484000 C 1209 31 85 5000000
484400 C 1210 84 28 5000000
484800 C 1211 81 66 5000000
485200 C 1212 76 88 5000000
485600 C 1213 26 0 5000000
486000 C 1214 62 41 5000000
486400 C 1215 18 36 5000000
486800 C 1216 85 81 5000000
487200 C 1217 73 71 5000000
487600 C 1218 59 22 5000000
488000 C 1219 79 58 5000000
488400 C 1220 98 45 5000000
488800 C 1221 19 40 5000000
489200 C 1222 24 96 5000000
489600 C 1223 50 81 5000000
490000 C 1224 26 55 5000000
490400 C 1225 70 55 5000000
490800 C 1226 66 54 5000000
491200 C 1227 37 68 5000000
491600 C 1228 47 9 5000000
492000 C 1229 70 97 5000000
492400 C 1230 50 91 5000000
492800 C 1231 26 95 5000000
493200 C 1232 95 62 5000000
493600 C 1233 94 32 5000000
494000 C 1234 57 87 5000000
494400 C 1235 55 67 5000000
494800 C 1236 43 29 5000000
495200 C 1237 98 17 5000000
495600 C 1238 53 5 5000000
496000 C 1239 77 33 5000000
496400 C 1240 37 74 5000000
496800 C 1241 1 50 5000000
497200 C 1242 6 20 5000000
497600 C 1243 18 65 5000000
498000 C 1244 6 93 5000000
498400 C 1245 84 71 5000000
498800 C 1246 44 59 5000000
499200 C 1247 28 39 5000000
499600 C 1248 33 67 5000000
500000 C 1249 40 25 5000000
500400 C 1250 53 42 5000000
500800 C 1251 56 81 5000000
501200 C 1252 73 34 5000000
501600 C 1253 2 31 5000000
502000 C 1254 11 78 5000000
502400 C 1255 29 21 5000000
502800 C 1256 3 49 5000000
503200 C 1257 61 68 5000000
503600 C 1258 80 38 5000000
504000 C 1259 95 46 5000000
504400 C 1260 47 63 5000000
504800 C 1261 30 63 5000000
505200 C 1262 1 94 5000000
505600 C 1263 25 61 5000000
506000 C 1264 78 19 5000000
506400 C 1265 26 17 5000000
506800 C 1266 0 32 5000000
507200 C 1267 31 57 5000000
507600 C 1268 32 53 5000000
508000 C 1269 95 86 5000000
508400 C 1270 80 62 5000000
508800 C 1271 93 38 5000000
509200 C 1272 25 9 5000000
509600 C 1273 91 98 5000000
510000 C 1274 59 95 5000000
510400 C 1275 5 93 5000000
510800 C 1276 19 92 5000000
511200 C 1277 82 98 5000000
511600 C 1278 88 55 5000000
512000 C 1279 13 79 5000000
512400 C 1280 31 89 5000000
512800 C 1281 94 37 5000000
513200 C 1282 13 61 5000000
513600 C 1283 92 33 5000000
514000 C 1284 9 49 5000000
514400 C 1285 50 18 5000000
514800 C 1286 28 19 5000000
515200 C 1287 54 16 5000000
515600 C 1288 97 74 5000000
516000 C 1289 40 95 5000000
516400 C 1290 82 68 5000000
516800 C 1291 31 62 5000000
517200 C 1292 52 97 5000000
517600 C 1293 65 93 5000000
518000 C 1294 51 56 5000000
518400 C 1295 71 7 5000000
518800 C 1296 96 48 5000000
519200 C 1297 57 3 5000000
519600 C 1298 2 66 5000000
520000 C 1299 23 42 5000000
520400 C 1300 93 29 5000000
520800 C 1301 46 54 5000000
521200 C 1302 51 42 5000000
521600 C 1303 16 80 5000000
522000 C 1304 40 54 5000000
522400 C 1305 42 93 5000000
522800 C 1306 28 70 5000000
523200 C 1307 0 87 5000000
523600 C 1308 25 60 5000000
524000 C 1309 79 40 5000000
524400 C 1310 20 31 5000000
524800 C 1311 11 90 5000000
525200 C 1312 40 43 5000000
525600 C 1313 55 11 5000000
526000 C 1314 3 81 5000000
526400 C 1315 10 88 5000000
526800 C 1316 52 53 5000000
527200 C 1317 46 73 5000000
527600 C 1318 51 39 5000000
528000 C 1319 87 97 5000000
528400 C 1320 77 97 5000000
528800 C 1321 55 14 5000000
529200 C 1322 81 47 5000000
529600 C 1323 0 75 5000000
530000 C 1324 41 19 5000000
530400 C 1325 87 72 5000000
530800 C 1326 14 62 5000000
531200 C 1327 63 76 5000000
531600 C 1328 63 75 5000000
532000 C 1329 82 59 5000000
532400 C 1330 25 76 5000000
532800 C 1331 94 4 5000000
533200 C 1332 13 49 5000000
533600 C 1333 33 12 5000000
534000 C 1334 46 8 5000000
534400 C 1335 48 12 5000000
534800 C 1336 56 15 5000000
535200 C 1337 11 6 5000000
535600 C 1338 62 29 5000000
536000 C 1339 20 25 5000000
536400 C 1340 25 55 5000000
536800 C 1341 31 35 5000000
537200 C 1342 19 9 5000000
537600 C 1343 3 1 5000000
538000 C 1344 83 17 5000000
538400 C 1345 42 88 5000000
538800 C 1346 54 52 5000000
539200 C 1347 46 52 5000000
539600 C 1348 7 76 5000000
540000 C 1349 17 80 5000000
540400 C 1350 98 67 5000000
540800 C 1351 83 80 5000000
541200 C 1352 69 16 5000000
541600 C 1353 4 79 5000000
542000 C 1354 57 68 5000000
542400 C 1355 14 96 5000000
542800 C 1356 29 4 5000000
543200 C 1357 16 76 5000000
543600 C 1358 40 48 5000000
544000 C 1359 59 1 5000000
544400 C 1360 1 27 5000000
544800 C 1361 59 43 5000000
545200 C 1362 98 91 5000000
545600 C 1363 31 67 5000000
546000 C 1364 95 31 5000000
546400 C 1365 6 36 5000000
546800 C 1366 28 27 5000000
547200 C 1367 50 77 5000000
547600 C 1368 1 11 5000000
548000 C 1369 41 59 5000000
548400 C 1370 89 57 5000000
548800 C 1371 68 9 5000000
549200 C 1372 65 57 5000000
549600 C 1373 79 45 5000000
550000 C 1374 0 57 5000000
550400 C 1375 38 80 5000000
550800 C 1376 50 82 5000000
551200 C 1377 29 67 5000000
551600 C 1378 49 10 5000000
552000 C 1379 49 37 5000000
552400 C 1380 47 44 5000000
552800 C 1381 27 77 5000000
553200 C 1382 58 94 5000000
553600 C 1383 70 42 5000000
554000 C 1384 52 95 5000000
554400 C 1385 69 27 5000000
554800 C 1386 11 35 5000000
555200 C 1387 71 21 5000000
555600 C 1388 84 55 5000000
556000 C 1389 78 38 5000000
556400 C 1390 18 0 5000000
556800 C 1391 93 59 5000000
557200 C 1392 27 45 5000000
557600 C 1393 63 35 5000000
558000 C 1394 80 6 5000000
558400 C 1395 2 12 5000000
558800 C 1396 75 19 5000000
559200 C 1397 88 47 5000000
559600 C 1398 87 86 5000000
560000 C 1399 74 7 5000000
560400 C 1400 26 82 5000000
560800 C 1401 89 82 5000000
561200 C 1402 12 80 5000000
561600 C 1403 71 31 5000000
562000 C 1404 67 81 5000000
562400 C 1405 90 7 5000000
562800 C 1406 78 96 5000000
563200 C 1407 15 68 5000000
563600 C 1408 33 8 5000000
564000 C 1409 41 4 5000000
564400 C 1410 54 71 5000000
564800 C 1411 86 28 5000000
565200 C 1412 37 14 5000000
565600 C 1413 55 38 5000000
566000 C 1414 11 84 5000000
566400 C 1415 35 12 5000000
566800 C 1416 69 90 5000000
567200 C 1417 67 21 5000000
567600 C 1418 58 31 5000000
568000 C 1419 20 10 5000000
568400 C 1420 33 93 5000000
568800 C 1421 62 92 5000000
569200 C 1422 13 15 5000000
569600 C 1423 59 29 5000000
570000 C 1424 2 68 5000000
570400 C 1425 55 76 5000000
570800 C 1426 3 59 5000000
571200 C 1427 97 93 5000000
571600 C 1428 93 0 5000000
572000 C 1429 8 72 5000000
572400 C 1430 49 41 5000000
572800 C 1431 89 80 5000000
573200 C 1432 72 38 5000000
573600 C 1433 44 23 5000000
574000 C 1434 33 89 5000000
574400 C 1435 3 2 5000000
574800 C 1436 33 70 5000000
575200 C 1437 62 24 5000000
575600 C 1438 97 22 5000000
576000 C 1439 15 13 5000000
576400 C 1440 66 89 5000000
576800 C 1441 46 74 5000000
577200 C 1442 58 82 5000000
577600 C 1443 73 3 5000000
578000 C 1444 78 79 5000000
578400 C 1445 40 84 5000000
578800 C 1446 55 37 5000000
579200 C 1447 62 74 5000000
579600 C 1448 50 13 5000000
580000 C 1449 9 49 5000000
580400 C 1450 14 85 5000000
580800 C 1451 52 35 5000000
581200 C 1452 60 40 5000000
581600 C 1453 75 42 5000000
582000 C 1454 83 59 5000000
582400 C 1455 81 27 5000000
582800 C 1456 48 92 5000000
583200 C 1457 92 29 5000000
583600 C 1458 76 37 5000000
584000 C 1459 28 61 5000000
584400 C 1460 48 50 5000000
584800 C 1461 4 39 5000000
585200 C 1462 34 20 5000000
585600 C 1463 77 6 5000000
586000 C 1464 58 8 5000000
586400 C 1465 21 82 5000000
586800 C 1466 20 82 5000000
587200 C 1467 25 93 5000000
587600 C 1468 77 84 5000000
588000 C 1469 47 29 5000000
588400 C 1470 76 69 5000000
588800 C 1471 19 6 5000000
589200 C 1472 49 15 5000000
589600 C 1473 31 35 5000000
590000 C 1474 16 0 5000000
590400 C 1475 97 75 5000000
590800 C 1476 50 41 5000000
591200 C 1477 84 89 5000000
591600 C 1478 35 46 5000000
592000 C 1479 26 28 5000000
592400 C 1480 48 19 5000000
592800 C 1481 87 18 5000000
593200 C 1482 35 30 5000000
593600 C 1483 93 38 5000000
594000 C 1484 72 14 5000000
594400 C 1485 90 37 5000000
594800 C 1486 27 88 5000000
595200 C 1487 33 86 5000000
595600 C 1488 91 65 5000000
596000 C 1489 74 22 5000000
596400 C 1490 87 16 5000000
596800 C 1491 82 10 5000000
597200 C 1492 34 46 5000000
597600 C 1493 50 7 5000000
598000 C 1494 83 34 5000000
598400 C 1495 59 50 5000000
598800 C 1496 41 86 5000000
599200 C 1497 32 48 5000000
599600 C 1498 89 51 5000000
600000 C 1499 63 30 5000000
600400 C 1500 59 22 5000000
600800 C 1501 50 17 5000000
601200 C 1502 67 56 5000000
601600 C 1503 3 22 5000000
602000 C 1504 75 89 5000000
602400 C 1505 77 70 5000000
602800 C 1506 10 26 5000000
603200 C 1507 92 16 5000000
603600 C 1508 83 35 5000000
604000 C 1509 25 60 5000000
604400 C 1510 16 2 5000000
604800 C 1511 58 9 5000000
605200 C 1512 18 41 5000000
605600 C 1513 90 45 5000000
606000 C 1514 82 23 5000000
606400 C 1515 55 79 5000000
606800 C 1516 72 45 5000000
607200 C 1517 38 81 5000000
607600 C 1518 77 4 5000000
608000 C 1519 12 16 5000000
608400 C 1520 19 43 5000000
608800 C 1521 10 12 5000000
609200 C 1522 5 81 5000000
609600 C 1523 96 71 5000000
610000 C 1524 42 2 5000000
610400 C 1525 53 22 5000000
610800 C 1526 84 86 5000000
611200 C 1527 31 12 5000000
611600 C 1528 1 58 5000000
612000 C 1529 58 47 5000000
612400 C 1530 17 61 5000000
612800 C 1531 11 3 5000000
613200 C 1532 32 20 5000000
613600 C 1533 16 6 5000000
614000 C 1534 27 77 5000000
614400 C 1535 4 20 5000000
614800 C 1536 52 51 5000000
615200 C 1537 25 24 5000000
615600 C 1538 29 1 5000000
616000 C 1539 37 50 5000000
616400 C 1540 9 50 5000000
616800 C 1541 67 64 5000000
617200 C 1542 71 89 5000000
617600 C 1543 57 30 5000000
618000 C 1544 91 38 5000000
618400 C 1545 76 57 5000000
618800 C 1546 53 83 5000000
619200 C 1547 87 25 5000000
619600 C 1548 93 33 5000000
620000 C 1549 84 92 5000000
620400 C 1550 45 63 5000000
620800 C 1551 2 42 5000000
621200 C 1552 37 50 5000000
621600 C 1553 72 15 5000000
622000 C 1554 7 20 5000000
622400 C 1555 77 20 5000000
622800 C 1556 84 41 5000000
623200 C 1557 24 78 5000000
623600 C 1558 4 88 5000000
624000 C 1559 12 94 5000000
624400 C 1560 86 32 5000000
624800 C 1561 2 62 5000000
625200 C 1562 30 60 5000000
625600 C 1563 58 65 5000000
626000 C 1564 50 55 5000000
626400 C 1565 39 4 5000000
626800 C 1566 41 57 5000000
627200 C 1567 32 13 5000000
627600 C 1568 49 47 5000000
628000 C 1569 77 12 5000000
628400 C 1570 9 96 5000000
628800 C 1571 24 39 5000000
629200 C 1572 2 49 5000000
629600 C 1573 77 69 5000000
630000 C 1574 66 54 5000000
630400 C 1575 75 7 5000000
630800 C 1576 64 74 5000000
631200 C 1577 38 87 5000000
631600 C 1578 22 59 5000000
632000 C 1579 87 61 5000000
632400 C 1580 33 35 5000000
632800 C 1581 85 61 5000000
633200 C 1582 84 83 5000000
633600 C 1583 24 28 5000000
634000 C 1584 95 64 5000000
634400 C 1585 74 41 5000000
634800 C 1586 25 87 5000000
635200 C 1587 54 37 5000000
635600 C 1588 83 54 5000000
636000 C 1589 55 60 5000000
636400 C 1590 74 53 5000000
636800 C 1591 19 33 5000000
637200 C 1592 70 19 5000000
637600 C 1593 97 55 5000000
638000 C 1594 60 64 5000000
638400 C 1595 54 96 5000000
638800 C 1596 45 76 5000000
639200 C 1597 57 27 5000000
639600 C 1598 30 88 5000000
640000 C 1599 0 32 5000000
640400 C 1600 84 1 5000000
640800 C 1601 65 37 5000000
641200 C 1602 13 11 5000000
641600 C 1603 10 23 5000000
642000 C 1604 47 69 5000000
642400 C 1605 62 90 5000000
642800 C 1606 90 38 5000000
643200 C 1607 83 42 5000000
643600 C 1608 11 65 5000000
644000 C 1609 96 38 5000000
644400 C 1610 58 4 5000000
644800 C 1611 63 50 5000000
645200 C 1612 2 20 5000000
645600 C 1613 54 51 5000000
646000 C 1614 33 83 5000000
646400 C 1615 61 16 5000000
646800 C 1616 87 53 5000000
647200 C 1617 58 14 5000000
647600 C 1618 93 71 5000000
648000 C 1619 93 45 5000000
648400 C 1620 77 18 5000000
648800 C 1621 36 50 5000000
649200 C 1622 79 10 5000000
649600 C 1623 70 80 5000000
650000 C 1624 24 56 5000000
650400 C 1625 92 98 5000000
650800 C 1626 44 86 5000000
651200 C 1627 1 41 5000000
651600 C 1628 94 49 5000000
652000 C 1629 24 80 5000000
652400 C 1630 12 71 5000000
652800 C 1631 0 33 5000000
653200 C 1632 18 22 5000000
653600 C 1633 60 95 5000000
654000 C 1634 56 20 5000000
654400 C 1635 10 38 5000000
654800 C 1636 27 59 5000000
655200 C 1637 2 62 5000000
655600 C 1638 76 98 5000000
656000 C 1639 15 88 5000000
656400 C 1640 12 47 5000000
656800 C 1641 55 78 5000000
657200 C 1642 52 60 5000000
657600 C 1643 88 89 5000000
658000 C 1644 22 70 5000000
658400 C 1645 82 20 5000000
658800 C 1646 71 89 5000000
659200 C 1647 72 28 5000000
659600 C 1648 30 98 5000000
660000 C 1649 9 84 5000000
660400 C 1650 90 40 5000000
660800 C 1651 26 44 5000000
661200 C 1652 1 82 5000000
661600 C 1653 93 17 5000000
662000 C 1654 84 45 5000000
662400 C 1655 83 53 5000000
662800 C 1656 56 85 5000000
663200 C 1657 66 49 5000000
663600 C 1658 52 76 5000000
664000 C 1659 88 45 5000000
664400 C 1660 51 32 5000000
664800 C 1661 59 42 5000000
665200 C 1662 36 43 5000000
665600 C 1663 29 1 5000000
666000 C 1664 6 84 5000000
666400 C 1665 78 6 5000000
666800 C 1666 33 13 5000000
667200 C 1667 64 36 5000000
667600 C 1668 4 51 5000000
668000 C 1669 51 94 5000000
668400 C 1670 46 96 5000000
668800 C 1671 78 16 5000000
669200 C 1672 55 23 5000000
669600 C 1673 66 64 5000000
670000 C 1674 64 21 5000000
670400 C 1675 27 34 5000000
670800 C 1676 54 35 5000000
671200 C 1677 5 23 5000000
671600 C 1678 47 10 5000000
672000 C 1679 37 5 5000000
672400 C 1680 16 55 5000000
672800 C 1681 88 50 5000000
673200 C 1682 7 38 5000000
673600 C 1683 84 90 5000000
674000 C 1684 53 46 5000000
674400 C 1685 45 57 5000000
674800 C 1686 20 97 5000000
675200 C 1687 86 71 5000000
675600 C 1688 84 78 5000000
676000 C 1689 56 90 5000000
676400 C 1690 72 29 5000000
676800 C 1691 28 13 5000000
677200 C 1692 16 68 5000000
677600 C 1693 57 6 5000000
678000 C 1694 75 86 5000000
678400 C 1695 83 2 5000000
678800 C 1696 62 81 5000000
679200 C 1697 24 8 5000000
679600 C 1698 97 75 5000000
680000 C 1699 21 18 5000000
680400 C 1700 55 13 5000000
680800 C 1701 36 17 5000000
681200 C 1702 54 84 5000000
681600 C 1703 1 46 5000000
682000 C 1704 87 32 5000000
682400 C 1705 13 59 5000000
682800 C 1706 23 79 5000000
683200 C 1707 72 66 5000000
683600 C 1708 55 78 5000000
684000 C 1709 28 78 5000000
684400 C 1710 30 62 5000000
684800 C 1711 5 10 5000000
685200 C 1712 97 90 5000000
685600 C 1713 36 37 5000000
686000 C 1714 14 61 5000000
686400 C 1715 30 94 5000000
686800 C 1716 61 72 5000000
687200 C 1717 15 18 5000000
687600 C 1718 64 17 5000000
688000 C 1719 95 17 5000000
688400 C 1720 4 82 5000000
688800 C 1721 41 53 5000000
689200 C 1722 44 42 5000000
689600 C 1723 65 24 5000000
690000 C 1724 59 37 5000000
690400 C 1725 48 47 5000000
690800 C 1726 86 6 5000000
691200 C 1727 15 21 5000000
691600 C 1728 21 12 5000000
692000 C 1729 10 4 5000000
692400 C 1730 76 37 5000000
692800 C 1731 90 40 5000000
693200 C 1732 85 56 5000000
693600 C 1733 63 84 5000000
694000 C 1734 41 17 5000000
694400 C 1735 84 44 5000000
694800 C 1736 57 10 5000000
695200 C 1737 60 42 5000000
695600 C 1738 32 87 5000000
696000 C 1739 85 0 5000000
696400 C 1740 34 38 5000000
696800 C 1741 21 93 5000000
697200 C 1742 7 48 5000000
697600 C 1743 23 33 5000000
698000 C 1744 75 88 5000000
698400 C 1745 11 42 5000000
698800 C 1746 2 28 5000000
699200 C 1747 93 17 5000000
699600 C 1748 93 5 5000000
700000 C 1749 97 59 5000000
700400 C 1750 95 81 5000000
700800 C 1751 97 33 5000000
701200 C 1752 50 58 5000000
701600 C 1753 8 44 5000000
702000 C 1754 67 74 5000000
702400 C 1755 13 8 5000000
702800 C 1756 3 65 5000000
703200 C 1757 0 25 5000000
703600 C 1758 28 46 5000000
704000 C 1759 61 5 5000000
704400 C 1760 44 24 5000000
704800 C 1761 0 59 5000000
705200 C 1762 82 68 5000000
705600 C 1763 10 1 5000000
706000 C 1764 22 5 5000000
706400 C 1765 44 51 5000000
706800 C 1766 94 81 5000000
707200 C 1767 33 23 5000000
707600 C 1768 1 42 5000000
708000 C 1769 62 26 5000000
708400 C 1770 66 87 5000000
708800 C 1771 78 97 5000000
709200 C 1772 12 51 5000000
709600 C 1773 45 26 5000000
710000 C 1774 90 29 5000000
710400 C 1775 12 3 5000000
710800 C 1776 69 58 5000000
711200 C 1777 43 45 5000000
711600 C 1778 98 2 5000000
712000 C 1779 43 60 5000000
712400 C 1780 47 0 5000000
712800 C 1781 83 97 5000000
713200 C 1782 33 57 5000000
713600 C 1783 21 43 5000000
714000 C 1784 73 43 5000000
714400 C 1785 91 32 5000000
714800 C 1786 28 56 5000000
715200 C 1787 53 31 5000000
715600 C 1788 87 94 5000000
716000 C 1789 93 90 5000000
716400 C 1790 66 37 5000000
716800 C 1791 47 18 5000000
717200 C 1792 74 54 5000000
717600 C 1793 68 0 5000000
718000 C 1794 57 15 5000000
718400 C 1795 62 28 5000000
718800 C 1796 31 91 5000000
719200 C 1797 92 36 5000000
719600 C 1798 28 52 5000000
720000 C 1799 18 37 5000000
720400 C 1800 2 87 5000000
720800 C 1801 71 4 5000000
721200 C 1802 71 45 5000000
721600 C 1803 90 19 5000000
722000 C 1804 10 13 5000000
722400 C 1805 92 42 5000000
722800 C 1806 21 93 5000000
723200 C 1807 19 54 5000000
723600 C 1808 3 20 5000000
724000 C 1809 6 18 5000000
724400 C 1810 58 51 5000000
724800 C 1811 82 59 5000000
725200 C 1812 74 60 5000000
725600 C 1813 5 67 5000000
726000 C 1814 93 14 5000000
726400 C 1815 80 69 5000000
726800 C 1816 42 66 5000000
727200 C 1817 33 52 5000000
727600 C 1818 18 4 5000000
728000 C 1819 62 22 5000000
728400 C 1820 76 54 5000000
728800 C 1821 85 22 5000000
729200 C 1822 14 60 5000000
729600 C 1823 45 89 5000000
730000 C 1824 64 72 5000000
730400 C 1825 89 67 5000000
730800 C 1826 45 97 5000000
731200 C 1827 72 24 5000000
731600 C 1828 70 34 5000000
732000 C 1829 83 35 5000000
732400 C 1830 52 82 5000000
732800 C 1831 35 78 5000000
733200 C 1832 54 71 5000000
733600 C 1833 72 34 5000000
734000 C 1834 24 13 5000000
734400 C 1835 79 53 5000000
734800 C 1836 67 56 5000000
735200 C 1837 83 48 5000000
735600 C 1838 4 32 5000000
736000 C 1839 73 5 5000000
736400 C 1840 58 3 5000000
736800 C 1841 63 37 5000000
737200 C 1842 40 54 5000000
737600 C 1843 19 36 5000000
738000 C 1844 3 68 5000000
738400 C 1845 56 57 5000000
738800 C 1846 16 58 5000000
739200 C 1847 15 91 5000000
739600 C 1848 83 39 5000000
740000 C 1849 23 31 5000000
740400 C 1850 83 74 5000000
740800 C 1851 70 51 5000000
741200 C 1852 47 61 5000000
741600 C 1853 27 1 5000000
742000 C 1854 10 11 5000000
742400 C 1855 26 40 5000000
742800 C 1856 95 43 5000000
743200 C 1857 33 4 5000000
743600 C 1858 45 5 5000000
744000 C 1859 51 48 5000000
744400 C 1860 50 30 5000000
744800 C 1861 24 45 5000000
745200 C 1862 63 41 5000000
745600 C 1863 5 78 5000000
746000 C 1864 75 60 5000000
746400 C 1865 35 28 5000000
746800 C 1866 70 94 5000000
747200 C 1867 86 79 5000000
747600 C 1868 43 42 5000000
748000 C 1869 30 80 5000000
748400 C 1870 76 32 5000000
748800 C 1871 46 58 5000000
749200 C 1872 36 11 5000000
749600 C 1873 66 11 5000000
750000 C 1874 17 16 5000000
750400 C 1875 59 95 5000000
750800 C 1876 98 83 5000000
751200 C 1877 44 33 5000000
751600 C 1878 10 77 5000000
752000 C 1879 98 60 5000000
752400 C 1880 55 74 5000000
752800 C 1881 36 25 5000000
753200 C 1882 38 29 5000000
753600 C 1883 25 47 5000000
754000 C 1884 0 54 5000000
754400 C 1885 52 90 5000000
754800 C 1886 26 79 5000000
755200 C 1887 87 62 5000000
755600 C 1888 93 31 5000000
756000 C 1889 53 32 5000000
756400 C 1890 8 46 5000000
756800 C 1891 81 39 5000000
757200 C 1892 3 61 5000000
757600 C 1893 55 84 5000000
758000 C 1894 82 59 5000000
758400 C 1895 9 51 5000000
758800 C 1896 69 77 5000000
759200 C 1897 20 50 5000000
759600 C 1898 18 57 5000000
760000 C 1899 11 2 5000000
760400 C 1900 77 19 5000000
760800 C 1901 11 96 5000000
761200 C 1902 4 97 5000000
761600 C 1903 16 52 5000000
762000 C 1904 0 97 5000000
762400 C 1905 38 84 5000000
762800 C 1906 14 31 5000000
763200 C 1907 30 64 5000000
763600 C 1908 43 54 5000000
764000 C 1909 33 41 5000000
764400 C 1910 83 2 5000000
764800 C 1911 40 39 5000000
765200 C 1912 47 97 5000000
765600 C 1913 4 88 5000000
766000 C 1914 88 27 5000000
766400 C 1915 81 24 5000000
766800 C 1916 17 50 5000000
767200 C 1917 65 20 5000000
767600 C 1918 52 38 5000000
768000 C 1919 38 41 5000000
768400 C 1920 8 72 5000000
768800 C 1921 11 65 5000000
769200 C 1922 7 25 5000000
769600 C 1923 43 7 5000000
770000 C 1924 1 86 5000000
770400 C 1925 6 44 5000000
770800 C 1926 11 87 5000000
771200 C 1927 50 67 5000000
771600 C 1928 76 11 5000000
772000 C 1929 47 14 5000000
772400 C 1930 28 23 5000000
772800 C 1931 12 86 5000000
773200 C 1932 62 97 5000000
773600 C 1933 80 18 5000000
774000 C 1934 87 5 5000000
774400 C 1935 13 83 5000000
774800 C 1936 18 48 5000000
775200 C 1937 28 52 5000000
775600 C 1938 34 23 5000000
776000 C 1939 43 74 5000000
776400 C 1940 84 50 5000000
776800 C 1941 80 86 5000000
777200 C 1942 56 41 5000000
777600 C 1943 73 1 5000000
778000 C 1944 26 13 5000000
778400 C 1945 62 51 5000000
778800 C 1946 6 9 5000000
779200 C 1947 48 79 5000000
779600 C 1948 64 26 5000000
780000 C 1949 22 15 5000000
780400 C 1950 8 48 5000000
780800 C 1951 16 72 5000000
781200 C 1952 44 93 5000000
781600 C 1953 18 34 5000000
782000 C 1954 70 48 5000000
782400 C 1955 2 24 5000000
782800 C 1956 56 55 5000000
783200 C 1957 3 35 5000000
783600 C 1958 42 3 5000000
784000 C 1959 68 52 5000000
784400 C 1960 75 71 5000000
784800 C 1961 67 44 5000000
785200 C 1962 71 11 5000000
785600 C 1963 52 75 5000000
786000 C 1964 76 0 5000000
786400 C 1965 55 28 5000000
786800 C 1966 0 80 5000000
787200 C 1967 14 9 5000000
787600 C 1968 15 24 5000000
788000 C 1969 72 29 5000000
788400 C 1970 79 10 5000000
788800 C 1971 83 0 5000000
789200 C 1972 32 21 5000000
789600 C 1973 80 55 5000000
790000 C 1974 48 13 5000000
790400 C 1975 33 23 5000000
790800 C 1976 91 17 5000000
791200 C 1977 58 18 5000000
791600 C 1978 48 59 5000000
792000 C 1979 22 64 5000000
792400 C 1980 59 85 5000000
792800 C 1981 42 62 5000000
793200 C 1982 76 23 5000000
793600 C 1983 6 46 5000000
794000 C 1984 65 13 5000000
794400 C 1985 14 38 5000000
794800 C 1986 54 35 5000000
795200 C 1987 7 43 5000000
795600 C 1988 77 49 5000000
796000 C 1989 22 60 5000000
796400 C 1990 83 33 5000000
796800 C 1991 17 49 5000000
797200 C 1992 52 75 5000000
797600 C 1993 93 53 5000000
798000 C 1994 90 23 5000000
798400 C 1995 17 14 5000000
798800 C 1996 38 91 5000000
799200 C 1997 65 36 5000000
799600 C 1998 65 9 5000000
800000 C 1999 40 36 5000000
800400 C 2000 88 57 5000000
800800 C 2001 49 23 5000000
801200 C 2002 90 89 5000000
801600 C 2003 76 61 5000000
802000 C 2004 41 36 5000000
802400 C 2005 87 55 5000000
802800 C 2006 40 13 5000000
803200 C 2007 87 29 5000000
803600 C 2008 18 31 5000000
804000 C 2009 87 74 5000000
804400 C 2010 87 89 5000000
804800 C 2011 34 47 5000000
805200 C 2012 10 33 5000000
805600 C 2013 2 13 5000000
806000 C 2014 18 10 5000000
806400 C 2015 13 96 5000000
806800 C 2016 54 13 5000000
807200 C 2017 39 23 5000000
807600 C 2018 91 80 5000000
808000 C 2019 72 95 5000000
808400 C 2020 35 10 5000000
808800 C 2021 96 60 5000000
809200 C 2022 2 13 5000000
809600 C 2023 5 88 5000000
810000 C 2024 92 56 5000000
810400 C 2025 83 10 5000000
810800 C 2026 49 88 5000000
811200 C 2027 41 34 5000000
811600 C 2028 84 34 5000000
812000 C 2029 68 77 5000000
812400 C 2030 42 25 5000000
812800 C 2031 72 92 5000000
813200 C 2032 84 72 5000000
813600 C 2033 29 75 5000000
814000 C 2034 23 34 5000000
814400 C 2035 7 71 5000000
814800 C 2036 80 20 5000000
815200 C 2037 62 21 5000000
815600 C 2038 69 75 5000000
816000 C 2039 9 15 5000000
816400 C 2040 42 28 5000000
816800 C 2041 78 10 5000000
817200 C 2042 75 38 5000000
817600 C 2043 49 30 5000000
818000 C 2044 57 51 5000000
818400 C 2045 56 70 5000000
818800 C 2046 10 39 5000000
819200 C 2047 47 29 5000000
819600 C 2048 61 76 5000000
820000 C 2049 67 48 5000000
820400 C 2050 58 44 5000000
820800 C 2051 64 20 5000000
821200 C 2052 70 86 5000000
821600 C 2053 2 79 5000000
822000 C 2054 30 57 5000000
822400 C 2055 56 96 5000000
822800 C 2056 79 88 5000000
823200 C 2057 51 7 5000000
823600 C 2058 85 75 5000000
824000 C 2059 58 86 5000000
824400 C 2060 63 87 5000000
824800 C 2061 5 12 5000000
825200 C 2062 0 20 5000000
825600 C 2063 74 48 5000000
826000 C 2064 37 39 5000000
826400 C 2065 20 83 5000000
826800 C 2066 39 70 5000000
827200 C 2067 57 3 5000000
827600 C 2068 7 1 5000000
828000 C 2069 59 76 5000000
828400 C 2070 94 42 5000000
828800 C 2071 15 75 5000000
829200 C 2072 44 97 5000000
829600 C 2073 64 32 5000000
830000 C 2074 71 84 5000000
830400 C 2075 0 53 5000000
830800 C 2076 71 84 5000000
831200 C 2077 4 76 5000000
831600 C 2078 0 79 5000000
832000 C 2079 97 86 5000000
832400 C 2080 82 78 5000000
832800 C 2081 40 56 5000000
833200 C 2082 17 8 5000000
833600 C 2083 18 84 5000000
834000 C 2084 85 55 5000000
834400 C 2085 93 54 5000000
834800 C 2086 72 11 5000000
835200 C 2087 68 44 5000000
835600 C 2088 21 67 5000000
836000 C 2089 5 67 5000000
836400 C 2090 54 39 5000000
836800 C 2091 58 20 5000000
837200 C 2092 36 70 5000000
837600 C 2093 95 29 5000000
838000 C 2094 62 60 5000000
838400 C 2095 63 35 5000000
838800 C 2096 83 12 5000000
839200 C 2097 15 55 5000000
839600 C 2098 62 39 5000000
840000 C 2099 71 80 5000000
840400 C 2100 39 88 5000000
840800 C 2101 36 60 5000000
841200 C 2102 84 56 5000000
841600 C 2103 70 86 5000000
842000 C 2104 61 28 5000000
842400 C 2105 37 32 5000000
842800 C 2106 50 82 5000000
843200 C 2107 35 82 5000000
843600 C 2108 76 62 5000000
844000 C 2109 18 12 5000000
844400 C 2110 56 44 5000000
844800 C 2111 60 22 5000000
845200 C 2112 39 54 5000000
845600 C 2113 15 12 5000000
846000 C 2114 47 33 5000000
846400 C 2115 74 9 5000000
846800 C 2116 89 17 5000000
847200 C 2117 35 89 5000000
847600 C 2118 77 33 5000000
848000 C 2119 21 58 5000000
848400 C 2120 50 22 5000000
848800 C 2121 97 58 5000000
849200 C 2122 5 14 5000000
849600 C 2123 49 97 5000000
850000 C 2124 83 78 5000000
850400 C 2125 36 55 5000000
850800 C 2126 64 68 5000000
851200 C 2127 17 40 5000000
851600 C 2128 76 79 5000000
852000 C 2129 98 43 5000000
852400 C 2130 83 70 5000000
852800 C 2131 23 3 5000000
853200 C 2132 41 25 5000000
853600 C 2133 44 11 5000000
854000 C 2134 46 12 5000000
854400 C 2135 80 90 5000000
854800 C 2136 39 56 5000000
855200 C 2137 57 18 5000000
855600 C 2138 15 60 5000000
856000 C 2139 93 5 5000000
856400 C 2140 21 73 5000000
856800 C 2141 61 41 5000000
857200 C 2142 43 15 5000000
857600 C 2143 0 69 5000000
858000 C 2144 22 41 5000000
858400 C 2145 16 55 5000000
858800 C 2146 59 88 5000000
859200 C 2147 79 53 5000000
859600 C 2148 30 27 5000000
860000 C 2149 97 43 5000000
860400 C 2150 76 52 5000000
860800 C 2151 79 53 5000000
861200 C 2152 25 31 5000000
861600 C 2153 67 5 5000000
862000 C 2154 3 92 5000000
862400 C 2155 44 38 5000000
862800 C 2156 78 74 5000000
863200 C 2157 28 13 5000000
863600 C 2158 19 65 5000000
864000 C 2159 17 10 5000000
864400 C 2160 95 60 5000000
864800 C 2161 36 91 5000000
865200 C 2162 61 47 5000000
865600 C 2163 73 72 5000000
866000 C 2164 59 87 5000000
866400 C 2165 73 15 5000000
866800 C 2166 50 7 5000000
867200 C 2167 80 85 5000000
867600 C 2168 67 57 5000000
868000 C 2169 47 65 5000000
868400 C 2170 60 20 5000000
868800 C 2171 3 34 5000000
869200 C 2172 11 6 5000000
869600 C 2173 74 36 5000000
870000 C 2174 23 97 5000000
870400 C 2175 45 81 5000000
870800 C 2176 4 15 5000000
871200 C 2177 27 59 5000000
871600 C 2178 65 18 5000000
872000 C 2179 33 30 5000000
872400 C 2180 44 94 5000000
872800 C 2181 15 60 5000000
873200 C 2182 54 26 5000000
873600 C 2183 27 26 5000000
874000 C 2184 68 58 5000000
874400 C 2185 22 12 5000000
874800 C 2186 29 54 5000000
875200 C 2187 83 75 5000000
875600 C 2188 58 50 5000000
876000 C 2189 59 52 5000000
876400 C 2190 40 80 5000000
876800 C 2191 2 56 5000000
877200 C 2192 61 90 5000000
877600 C 2193 94 34 5000000
878000 C 2194 53 79 5000000
878400 C 2195 63 32 5000000
878800 C 2196 35 66 5000000
879200 C 2197 68 72 5000000
879600 C 2198 18 50 5000000
880000 C 2199 54 79 5000000
880400 C 2200 16 45 5000000
880800 C 2201 69 7 5000000
881200 C 2202 61 64 5000000
881600 C 2203 9 92 5000000
882000 C 2204 58 51 5000000
882400 C 2205 26 86 5000000
882800 C 2206 79 94 5000000
883200 C 2207 5 78 5000000
883600 C 2208 94 89 5000000
884000 C 2209 29 83 5000000
884400 C 2210 60 43 5000000
884800 C 2211 73 75 5000000
885200 C 2212 56 37 5000000
885600 C 2213 42 8 5000000
886000 C 2214 6 2 5000000
886400 C 2215 58 97 5000000
886800 C 2216 28 11 5000000
887200 C 2217 76 49 5000000
887600 C 2218 71 38 5000000
888000 C 2219 21 6 5000000
888400 C 2220 76 54 5000000
888800 C 2221 44 1 5000000
889200 C 2222 70 3 5000000
889600 C 2223 93 45 5000000
890000 C 2224 66 83 5000000
890400 C 2225 89 15 5000000
890800 C 2226 55 98 5000000
891200 C 2227 3 24 5000000
891600 C 2228 12 68 5000000
892000 C 2229 49 37 5000000
892400 C 2230 91 77 5000000
892800 C 2231 45 56 5000000
893200 C 2232 53 64 5000000
893600 C 2233 12 53 5000000
894000 C 2234 10 21 5000000
894400 C 2235 61 2 5000000
894800 C 2236 17 85 5000000
895200 C 2237 15 71 5000000
895600 C 2238 80 37 5000000
896000 C 2239 78 89 5000000
896400 C 2240 32 25 5000000
896800 C 2241 92 48 5000000
897200 C 2242 45 28 5000000
897600 C 2243 50 3 5000000
898000 C 2244 20 34 5000000
898400 C 2245 21 76 5000000
898800 C 2246 5 25 5000000
899200 C 2247 6 83 5000000
899600 C 2248 73 41 5000000
900000 C 2249 80 25 5000000
900400 C 2250 62 33 5000000
900800 C 2251 92 54 5000000
901200 C 2252 55 76 5000000
901600 C 2253 79 42 5000000
902000 C 2254 40 32 5000000
902400 C 2255 88 72 5000000
902800 C 2256 71 67 5000000
903200 C 2257 74 32 5000000
903600 C 2258 70 50 5000000
904000 C 2259 63 66 5000000
904400 C 2260 96 68 5000000
904800 C 2261 59 29 5000000
905200 C 2262 60 31 5000000
905600 C 2263 1 36 5000000
906000 C 2264 45 55 5000000
906400 C 2265 57 37 5000000
906800 C 2266 22 88 5000000
907200 C 2267 4 51 5000000
907600 C 2268 32 14 5000000
908000 C 2269 96 17 5000000
908400 C 2270 89 61 5000000
908800 C 2271 55 58 5000000
909200 C 2272 6 22 5000000
909600 C 2273 71 34 5000000
910000 C 2274 22 65 5000000
910400 C 2275 93 86 5000000
910800 C 2276 11 10 5000000
911200 C 2277 91 64 5000000
911600 C 2278 74 9 5000000
912000 C 2279 22 57 5000000
912400 C 2280 10 43 5000000
912800 C 2281 57 27 5000000
913200 C 2282 51 21 5000000
913600 C 2283 85 44 5000000
914000 C 2284 47 3 5000000
914400 C 2285 0 53 5000000
914800 C 2286 85 76 5000000
915200 C 2287 50 58 5000000
915600 C 2288 21 22 5000000
916000 C 2289 26 20 5000000
916400 C 2290 76 47 5000000
916800 C 2291 13 60 5000000
917200 C 2292 25 6 5000000
917600 C 2293 24 97 5000000
918000 C 2294 5 24 5000000
918400 C 2295 67 25 5000000
918800 C 2296 59 5 5000000
919200 C 2297 77 34 5000000
919600 C 2298 0 40 5000000
920000 C 2299 1 72 5000000
920400 C 2300 64 60 5000000
920800 C 2301 48 64 5000000
921200 C 2302 49 43 5000000
921600 C 2303 61 97 5000000
922000 C 2304 32 68 5000000
922400 C 2305 17 45 5000000
922800 C 2306 12 54 5000000
923200 C 2307 30 27 5000000
923600 C 2308 56 68 5000000
924000 C 2309 82 14 5000000
924400 C 2310 78 94 5000000
924800 C 2311 82 19 5000000
925200 C 2312 93 6 5000000
925600 C 2313 32 38 5000000
926000 C 2314 38 48 5000000
926400 C 2315 34 28 5000000
926800 C 2316 13 32 5000000
927200 C 2317 73 77 5000000
927600 C 2318 13 40 5000000
928000 C 2319 24 84 5000000
928400 C 2320 52 29 5000000
928800 C 2321 5 96 5000000
929200 C 2322 6 69 5000000
929600 C 2323 54 65 5000000
930000 C 2324 28 13 5000000
930400 C 2325 60 86 5000000
930800 C 2326 65 21 5000000
931200 C 2327 27 61 5000000
931600 C 2328 69 28 5000000
932000 C 2329 5 94 5000000
932400 C 2330 25 33 5000000
932800 C 2331 59 74 5000000
933200 C 2332 68 78 5000000
933600 C 2333 79 62 5000000
934000 C 2334 87 54 5000000
934400 C 2335 53 7 5000000
934800 C 2336 17 60 5000000
935200 C 2337 78 71 5000000
935600 C 2338 68 55 5000000
936000 C 2339 59 43 5000000
936400 C 2340 97 84 5000000
936800 C 2341 40 3 5000000
937200 C 2342 4 58 5000000
937600 C 2343 54 39 5000000
938000 C 2344 4 71 5000000
938400 C 2345 78 43 5000000
938800 C 2346 73 39 5000000
939200 C 2347 71 6 5000000
939600 C 2348 48 43 5000000
940000 C 2349 82 45 5000000
940400 C 2350 22 30 5000000
940800 C 2351 29 73 5000000
941200 C 2352 62 96 5000000
941600 C 2353 81 19 5000000
942000 C 2354 44 98 5000000
942400 C 2355 69 14 5000000
942800 C 2356 4 98 5000000
943200 C 2357 6 64 5000000
943600 C 2358 12 52 5000000
944000 C 2359 55 0 5000000
944400 C 2360 32 72 5000000
944800 C 2361 70 20 5000000
945200 C 2362 20 38 5000000
945600 C 2363 87 80 5000000
946000 C 2364 35 30 5000000
946400 C 2365 47 76 5000000
946800 C 2366 59 53 5000000
947200 C 2367 37 62 5000000
947600 C 2368 1 79 5000000
948000 C 2369 64 53 5000000
948400 C 2370 40 79 5000000
948800 C 2371 34 46 5000000
949200 C 2372 30 61 5000000
949600 C 2373 20 15 5000000
950000 C 2374 59 94 5000000
950400 C 2375 82 4 5000000
950800 C 2376 78 44 5000000
951200 C 2377 87 36 5000000
951600 C 2378 40 35 5000000
952000 C 2379 10 53 5000000
952400 C 2380 9 62 5000000
952800 C 2381 3 43 5000000
953200 C 2382 13 97 5000000
953600 C 2383 29 84 5000000
954000 C 2384 53 76 5000000
954400 C 2385 26 13 5000000
954800 C 2386 24 5 5000000
955200 C 2387 62 20 5000000
955600 C 2388 22 48 5000000
956000 C 2389 71 42 5000000
956400 C 2390 80 98 5000000
956800 C 2391 39 70 5000000
957200 C 2392 22 84 5000000
957600 C 2393 75 5 5000000
958000 C 2394 54 19 5000000
958400 C 2395 91 69 5000000
958800 C 2396 98 27 5000000
959200 C 2397 43 91 5000000
959600 C 2398 38 68 5000000
960000 C 2399 63 31 5000000
960400 C 2400 61 41 5000000
960800 C 2401 78 6 5000000
961200 C 2402 22 21 5000000
961600 C 2403 4 91 5000000
962000 C 2404 82 64 5000000
962400 C 2405 72 15 5000000
962800 C 2406 25 77 5000000
963200 C 2407 29 24 5000000
963600 C 2408 85 13 5000000
964000 C 2409 36 27 5000000
964400 C 2410 17 65 5000000
964800 C 2411 0 65 5000000
965200 C 2412 39 33 5000000
965600 C 2413 69 34 5000000
966000 C 2414 27 49 5000000
966400 C 2415 19 30 5000000
966800 C 2416 21 35 5000000
967200 C 2417 22 58 5000000
967600 C 2418 20 53 5000000
968000 C 2419 89 98 5000000
968400 C 2420 34 73 5000000
968800 C 2421 50 69 5000000
969200 C 2422 37 22 5000000
969600 C 2423 90 12 5000000
970000 C 2424 37 27 5000000
970400 C 2425 93 97 5000000
970800 C 2426 51 40 5000000
971200 C 2427 94 29 5000000
971600 C 2428 83 48 5000000
972000 C 2429 98 74 5000000
972400 C 2430 42 22 5000000
972800 C 2431 8 64 5000000
973200 C 2432 61 10 5000000
973600 C 2433 2 72 5000000
974000 C 2434 60 98 5000000
974400 C 2435 48 17 5000000
974800 C 2436 6 68 5000000
975200 C 2437 7 92 5000000
975600 C 2438 1 40 5000000
976000 C 2439 43 9 5000000
976400 C 2440 5 17 5000000
976800 C 2441 92 59 5000000
977200 C 2442 22 53 5000000
977600 C 2443 59 7 5000000
978000 C 2444 45 42 5000000
978400 C 2445 44 1 5000000
978800 C 2446 58 90 5000000
979200 C 2447 45 56 5000000
979600 C 2448 94 87 5000000
980000 C 2449 57 28 5000000
980400 C 2450 95 47 5000000
980800 C 2451 60 74 5000000
981200 C 2452 59 72 5000000
981600 C 2453 68 26 5000000
982000 C 2454 42 33 5000000
982400 C 2455 19 51 5000000
982800 C 2456 24 74 5000000
983200 C 2457 81 22 5000000
983600 C 2458 57 5 5000000
984000 C 2459 4 72 5000000
984400 C 2460 71 45 5000000
984800 C 2461 8 1 5000000
985200 C 2462 98 66 5000000
985600 C 2463 6 2 5000000
986000 C 2464 54 74 5000000
986400 C 2465 5 31 5000000
986800 C 2466 75 35 5000000
987200 C 2467 1 70 5000000
987600 C 2468 53 34 5000000
988000 C 2469 43 28 5000000
988400 C 2470 11 7 5000000
988800 C 2471 9 64 5000000
989200 C 2472 19 67 5000000
989600 C 2473 81 96 5000000
990000 C 2474 37 40 5000000
990400 C 2475 43 45 5000000
990800 C 2476 5 94 5000000
991200 C 2477 49 38 5000000
991600 C 2478 61 72 5000000
992000 C 2479 61 18 5000000
992400 C 2480 80 11 5000000
992800 C 2481 43 9 5000000
993200 C 2482 45 28 5000000
993600 C 2483 98 49 5000000
994000 C 2484 45 46 5000000
994400 C 2485 57 56 5000000
994800 C 2486 48 10 5000000
995200 C 2487 19 29 5000000
995600 C 2488 65 24 5000000
996000 C 2489 60 42 5000000
996400 C 2490 20 56 5000000
996800 C 2491 39 20 5000000
997200 C 2492 24 16 5000000
997600 C 2493 39 33 5000000
998000 C 2494 40 18 5000000
998400 C 2495 96 62 5000000
998800 C 2496 73 70 5000000
999200 C 2497 16 10 5000000
999600 C 2498 2 13 5000000
1000000 C 2499 37 41 5000000
1000400 C 2500 77 52 5000000
1000800 C 2501 70 35 5000000
1001200 C 2502 76 87 5000000
1001600 C 2503 39 57 5000000
1002000 C 2504 78 87 5000000
1002400 C 2505 82 88 5000000
1002800 C 2506 40 33 5000000
1003200 C 2507 61 23 5000000
1003600 C 2508 61 0 5000000
1004000 C 2509 63 52 5000000
1004400 C 2510 51 47 5000000
1004800 C 2511 36 77 5000000
1005200 C 2512 44 21 5000000
1005600 C 2513 63 6 5000000
1006000 C 2514 43 6 5000000
1006400 C 2515 35 98 5000000
1006800 C 2516 23 55 5000000
1007200 C 2517 17 25 5000000
1007600 C 2518 35 20 5000000
1008000 C 2519 94 6 5000000
1008400 C 2520 95 90 5000000
1008800 C 2521 63 45 5000000
1009200 C 2522 21 70 5000000
1009600 C 2523 3 46 5000000
1010000 C 2524 25 71 5000000
1010400 C 2525 96 21 5000000
1010800 C 2526 91 26 5000000
1011200 C 2527 58 42 5000000
1011600 C 2528 1 35 5000000
1012000 C 2529 18 33 5000000
1012400 C 2530 73 76 5000000
1012800 C 2531 3 40 5000000
1013200 C 2532 60 96 5000000
1013600 C 2533 19 74 5000000
1014000 C 2534 22 74 5000000
1014400 C 2535 60 48 5000000
1014800 C 2536 54 22 5000000
1015200 C 2537 21 14 5000000
1015600 C 2538 62 92 5000000
1016000 C 2539 82 52 5000000
1016400 C 2540 90 97 5000000
1016800 C 2541 95 73 5000000
1017200 C 2542 81 96 5000000
1017600 C 2543 52 59 5000000
1018000 C 2544 10 7 5000000
1018400 C 2545 45 37 5000000
1018800 C 2546 59 5 5000000
1019200 C 2547 60 21 5000000
1019600 C 2548 93 67 5000000
1020000 C 2549 41 12 5000000
1020400 C 2550 76 17 5000000
1020800 C 2551 68 64 5000000
1021200 C 2552 10 52 5000000
1021600 C 2553 79 69 5000000
1022000 C 2554 18 21 5000000
1022400 C 2555 60 76 5000000
1022800 C 2556 6 1 5000000
1023200 C 2557 89 37 5000000
1023600 C 2558 74 69 5000000
1024000 C 2559 65 78 5000000
1024400 C 2560 9 42 5000000
1024800 C 2561 7 23 5000000
1025200 C 2562 54 94 5000000
1025600 C 2563 63 3 5000000
1026000 C 2564 11 56 5000000
1026400 C 2565 70 36 5000000
1026800 C 2566 27 96 5000000
1027200 C 2567 71 31 5000000
1027600 C 2568 58 73 5000000
1028000 C 2569 23 5 5000000
1028400 C 2570 87 43 5000000
1028800 C 2571 95 29 5000000
1029200 C 2572 10 65 5000000
1029600 C 2573 13 9 5000000
1030000 C 2574 96 9 5000000
1030400 C 2575 59 14 5000000
1030800 C 2576 80 62 5000000
1031200 C 2577 90 76 5000000
1031600 C 2578 68 80 5000000
1032000 C 2579 88 81 5000000
1032400 C 2580 30 25 5000000
1032800 C 2581 73 9 5000000
1033200 C 2582 64 67 5000000
1033600 C 2583 91 88 5000000
1034000 C 2584 32 14 5000000
1034400 C 2585 64 77 5000000
1034800 C 2586 74 37 5000000
1035200 C 2587 22 69 5000000
1035600 C 2588 1 20 5000000
1036000 C 2589 89 66 5000000
1036400 C 2590 67 94 5000000
1036800 C 2591 4 26 5000000
1037200 C 2592 57 92 5000000
1037600 C 2593 20 62 5000000
1038000 C 2594 96 49 5000000
1038400 C 2595 37 59 5000000
1038800 C 2596 97 11 5000000
1039200 C 2597 74 19 5000000
1039600 C 2598 64 16 5000000
1040000 C 2599 48 58 5000000
1040400 C 2600 7 78 5000000
1040800 C 2601 74 87 5000000
1041200 C 2602 47 18 5000000
1041600 C 2603 49 1 5000000
1042000 C 2604 98 83 5000000
1042400 C 2605 27 80 5000000
1042800 C 2606 92 4 5000000
1043200 C 2607 97 60 5000000
1043600 C 2608 97 92 5000000
1044000 C 2609 14 56 5000000
1044400 C 2610 90 93 5000000
1044800 C 2611 51 18 5000000
1045200 C 2612 93 27 5000000
1045600 C 2613 44 67 5000000
1046000 C 2614 93 45 5000000
1046400 C 2615 40 11 5000000
1046800 C 2616 75 78 5000000
1047200 C 2617 36 12 5000000
1047600 C 2618 30 7 5000000
1048000 C 2619 50 75 5000000
1048400 C 2620 46 76 5000000
1048800 C 2621 57 50 5000000
1049200 C 2622 8 14 5000000
1049600 C 2623 78 1 5000000
1050000 C 2624 23 96 5000000
1050400 C 2625 62 17 5000000
1050800 C 2626 77 58 5000000
1051200 C 2627 53 24 5000000
1051600 C 2628 97 20 5000000
1052000 C 2629 62 23 5000000
1052400 C 2630 1 0 5000000
1052800 C 2631 11 58 5000000
1053200 C 2632 36 96 5000000
1053600 C 2633 64 91 5000000
1054000 C 2634 3 36 5000000
1054400 C 2635 15 94 5000000
1054800 C 2636 12 11 5000000
1055200 C 2637 75 69 5000000
1055600 C 2638 3 23 5000000
1056000 C 2639 43 40 5000000
1056400 C 2640 20 15 5000000
1056800 C 2641 5 29 5000000
1057200 C 2642 11 46 5000000
1057600 C 2643 3 34 5000000
1058000 C 2644 88 50 5000000
1058400 C 2645 59 25 5000000
1058800 C 2646 81 92 5000000
1059200 C 2647 12 59 5000000
1059600 C 2648 9 62 5000000
1060000 C 2649 73 71 5000000
1060400 C 2650 50 60 5000000
1060800 C 2651 69 0 5000000
1061200 C 2652 37 64 5000000
1061600 C 2653 92 82 5000000
1062000 C 2654 26 92 5000000
1062400 C 2655 60 36 5000000
1062800 C 2656 73 17 5000000
1063200 C 2657 47 44 5000000
1063600 C 2658 77 64 5000000
1064000 C 2659 42 24 5000000
1064400 C 2660 88 25 5000000
1064800 C 2661 61 75 5000000
1065200 C 2662 9 14 5000000
1065600 C 2663 33 41 5000000
1066000 C 2664 40 97 5000000
1066400 C 2665 45 3 5000000
1066800 C 2666 61 23 5000000
1067200 C 2667 37 44 5000000
1067600 C 2668 71 78 5000000
1068000 C 2669 61 1 5000000
1068400 C 2670 42 23 5000000
1068800 C 2671 61 4 5000000
1069200 C 2672 76 36 5000000
1069600 C 2673 83 0 5000000
1070000 C 2674 61 91 5000000
1070400 C 2675 61 84 5000000
1070800 C 2676 33 83 5000000
1071200 C 2677 31 9 5000000
1071600 C 2678 34 73 5000000
1072000 C 2679 17 98 5000000
1072400 C 2680 40 6 5000000
1072800 C 2681 91 23 5000000
1073200 C 2682 28 13 5000000
1073600 C 2683 53 41 5000000
1074000 C 2684 52 13 5000000
1074400 C 2685 31 61 5000000
1074800 C 2686 8 28 5000000
1075200 C 2687 60 8 5000000
1075600 C 2688 98 22 5000000
1076000 C 2689 15 86 5000000
1076400 C 2690 36 20 5000000
1076800 C 2691 98 73 5000000
1077200 C 2692 15 86 5000000
1077600 C 2693 38 10 5000000
1078000 C 2694 62 80 5000000
1078400 C 2695 49 40 5000000
1078800 C 2696 43 64 5000000
1079200 C 2697 89 18 5000000
1079600 C 2698 25 7 5000000
1080000 C 2699 28 47 5000000
1080400 C 2700 36 75 5000000
1080800 C 2701 76 1 5000000
1081200 C 2702 82 64 5000000
1081600 C 2703 80 6 5000000
1082000 C 2704 31 79 5000000
1082400 C 2705 5 81 5000000
1082800 C 2706 66 25 5000000
1083200 C 2707 31 97 5000000
1083600 C 2708 67 4 5000000
1084000 C 2709 17 18 5000000
1084400 C 2710 28 24 5000000
1084800 C 2711 15 68 5000000
1085200 C 2712 54 85 5000000
1085600 C 2713 4 55 5000000
1086000 C 2714 64 19 5000000
1086400 C 2715 81 43 5000000
1086800 C 2716 2 62 5000000
1087200 C 2717 35 59 5000000
1087600 C 2718 23 17 5000000
1088000 C 2719 14 37 5000000
1088400 C 2720 35 32 5000000
1088800 C 2721 91 53 5000000
1089200 C 2722 45 90 5000000
1089600 C 2723 17 57 5000000
1090000 C 2724 20 15 5000000
1090400 C 2725 85 91 5000000
1090800 C 2726 67 96 5000000
1091200 C 2727 48 31 5000000
1091600 C 2728 61 1 5000000
1092000 C 2729 72 75 5000000
1092400 C 2730 19 44 5000000
1092800 C 2731 25 31 5000000
1093200 C 2732 70 12 5000000
1093600 C 2733 60 48 5000000
1094000 C 2734 80 17 5000000
1094400 C 2735 41 35 5000000
1094800 C 2736 50 42 5000000
1095200 C 2737 46 22 5000000
1095600 C 2738 79 91 5000000
1096000 C 2739 54 11 5000000
1096400 C 2740 0 80 5000000
1096800 C 2741 24 80 5000000
1097200 C 2742 58 70 5000000
1097600 C 2743 14 26 5000000
1098000 C 2744 61 24 5000000
1098400 C 2745 64 14 5000000
1098800 C 2746 97 13 5000000
1099200 C 2747 43 93 5000000
1099600 C 2748 92 45 5000000
1100000 C 2749 19 25 5000000
1100400 C 2750 62 54 5000000
1100800 C 2751 1 88 5000000
1101200 C 2752 48 45 5000000
1101600 C 2753 68 52 5000000
1102000 C 2754 98 0 5000000
1102400 C 2755 32 82 5000000
1102800 C 2756 43 12 5000000
1103200 C 2757 42 16 5000000
1103600 C 2758 13 41 5000000
1104000 C 2759 18 67 5000000
1104400 C 2760 67 47 5000000
1104800 C 2761 51 50 5000000
1105200 C 2762 31 14 5000000
1105600 C 2763 49 41 5000000
1106000 C 2764 47 69 5000000
1106400 C 2765 64 86 5000000
1106800 C 2766 7 6 5000000
1107200 C 2767 63 14 5000000
1107600 C 2768 68 13 5000000
1108000 C 2769 48 72 5000000
1108400 C 2770 92 12 5000000
1108800 C 2771 22 33 5000000
1109200 C 2772 58 76 5000000
1109600 C 2773 56 35 5000000
1110000 C 2774 0 25 5000000
1110400 C 2775 11 2 5000000
1110800 C 2776 19 5 5000000
1111200 C 2777 16 95 5000000
1111600 C 2778 97 50 5000000
1112000 C 2779 5 93 5000000
1112400 C 2780 87 20 5000000
1112800 C 2781 30 98 5000000
1113200 C 2782 26 17 5000000
1113600 C 2783 37 73 5000000
1114000 C 2784 95 76 5000000
1114400 C 2785 62 41 5000000
1114800 C 2786 94 11 5000000
1115200 C 2787 82 91 5000000
1115600 C 2788 19 7 5000000
1116000 C 2789 40 88 5000000
1116400 C 2790 86 60 5000000
1116800 C 2791 17 41 5000000
1117200 C 2792 97 53 5000000
1117600 C 2793 35 29 5000000
1118000 C 2794 55 93 5000000
1118400 C 2795 91 62 5000000
1118800 C 2796 41 52 5000000
1119200 C 2797 45 80 5000000
1119600 C 2798 90 30 5000000
1120000 C 2799 80 55 5000000
1120400 C 2800 53 19 5000000
1120800 C 2801 11 34 5000000
1121200 C 2802 58 55 5000000
1121600 C 2803 10 39 5000000
1122000 C 2804 97 34 5000000
1122400 C 2805 68 42 5000000
1122800 C 2806 53 36 5000000
1123200 C 2807 98 32 5000000
1123600 C 2808 53 48 5000000
1124000 C 2809 94 41 5000000
1124400 C 2810 4 94 5000000
1124800 C 2811 16 13 5000000
1125200 C 2812 20 78 5000000
1125600 C 2813 37 57 5000000
1126000 C 2814 51 92 5000000
1126400 C 2815 87 39 5000000
1126800 C 2816 67 25 5000000
1127200 C 2817 8 57 5000000
1127600 C 2818 74 68 5000000
1128000 C 2819 94 22 5000000
1128400 C 2820 47 0 5000000
1128800 C 2821 78 85 5000000
1129200 C 2822 18 8 5000000
1129600 C 2823 78 8 5000000
1130000 C 2824 95 42 5000000
1130400 C 2825 4 29 5000000
1130800 C 2826 45 72 5000000
1131200 C 2827 87 75 5000000
1131600 C 2828 61 4 5000000
1132000 C 2829 41 96 5000000
1132400 C 2830 10 26 5000000
1132800 C 2831 72 47 5000000
1133200 C 2832 22 75 5000000
1133600 C 2833 92 61 5000000
1134000 C 2834 66 20 5000000
1134400 C 2835 95 62 5000000
1134800 C 2836 7 94 5000000
1135200 C 2837 90 79 5000000
1135600 C 2838 58 28 5000000
1136000 C 2839 11 52 5000000
1136400 C 2840 46 5 5000000
1136800 C 2841 24 84 5000000
1137200 C 2842 22 40 5000000
1137600 C 2843 52 29 5000000
1138000 C 2844 13 23 5000000
1138400 C 2845 16 78 5000000
1138800 C 2846 45 33 5000000
1139200 C 2847 62 52 5000000
1139600 C 2848 63 62 5000000
1140000 C 2849 30 0 5000000
1140400 C 2850 55 75 5000000
1140800 C 2851 72 37 5000000
1141200 C 2852 24 33 5000000
1141600 C 2853 17 93 5000000
1142000 C 2854 25 10 5000000
1142400 C 2855 28 30 5000000
1142800 C 2856 47 41 5000000
1143200 C 2857 2 89 5000000
1143600 C 2858 75 77 5000000
1144000 C 2859 88 18 5000000
1144400 C 2860 66 74 5000000
1144800 C 2861 5 3 5000000
1145200 C 2862 94 89 5000000
1145600 C 2863 61 60 5000000
1146000 C 2864 96 37 5000000
1146400 C 2865 54 47 5000000
1146800 C 2866 28 46 5000000
1147200 C 2867 89 43 5000000
1147600 C 2868 8 48 5000000
1148000 C 2869 28 30 5000000
1148400 C 2870 23 80 5000000
1148800 C 2871 44 50 5000000
1149200 C 2872 86 65 5000000
1149600 C 2873 43 29 5000000
1150000 C 2874 95 40 5000000
1150400 C 2875 57 22 5000000
1150800 C 2876 64 32 5000000
1151200 C 2877 11 74 5000000
1151600 C 2878 8 74 5000000
1152000 C 2879 91 80 5000000
1152400 C 2880 48 55 5000000
1152800 C 2881 21 32 5000000
1153200 C 2882 65 69 5000000
1153600 C 2883 46 68 5000000
1154000 C 2884 57 19 5000000
1154400 C 2885 32 45 5000000
1154800 C 2886 5 16 5000000
1155200 C 2887 93 97 5000000
1155600 C 2888 84 85 5000000
1156000 C 2889 42 19 5000000
1156400 C 2890 24 63 5000000
1156800 C 2891 35 96 5000000
1157200 C 2892 44 45 5000000
1157600 C 2893 51 81 5000000
1158000 C 2894 45 84 5000000
1158400 C 2895 51 95 5000000
1158800 C 2896 73 14 5000000
1159200 C 2897 57 36 5000000
1159600 C 2898 66 31 5000000
1160000 C 2899 54 41 5000000
1160400 C 2900 92 7 5000000
1160800 C 2901 98 29 5000000
1161200 C 2902 96 67 5000000
1161600 C 2903 83 37 5000000
1162000 C 2904 31 19 5000000
1162400 C 2905 26 48 5000000
1162800 C 2906 19 66 5000000
1163200 C 2907 76 52 5000000
1163600 C 2908 43 95 5000000
1164000 C 2909 81 83 5000000
1164400 C 2910 87 61 5000000
1164800 C 2911 67 37 5000000
1165200 C 2912 89 73 5000000
1165600 C 2913 9 7 5000000
1166000 C 2914 72 48 5000000
1166400 C 2915 51 84 5000000
1166800 C 2916 96 41 5000000
1167200 C 2917 25 83 5000000
1167600 C 2918 38 43 5000000
1168000 C 2919 92 44 5000000
1168400 C 2920 93 34 5000000
1168800 C 2921 35 64 5000000
1169200 C 2922 33 49 5000000
1169600 C 2923 94 77 5000000
1170000 C 2924 60 0 5000000
1170400 C 2925 57 69 5000000
1170800 C 2926 22 5 5000000
1171200 C 2927 0 81 5000000
1171600 C 2928 65 7 5000000
1172000 C 2929 34 82 5000000
1172400 C 2930 83 5 5000000
1172800 C 2931 88 85 5000000
1173200 C 2932 91 22 5000000
1173600 C 2933 3 81 5000000
1174000 C 2934 25 96 5000000
1174400 C 2935 42 4 5000000
1174800 C 2936 60 67 5000000
1175200 C 2937 83 0 5000000
1175600 C 2938 47 35 5000000
1176000 C 2939 27 81 5000000
1176400 C 2940 1 64 5000000
1176800 C 2941 29 96 5000000
1177200 C 2942 21 22 5000000
1177600 C 2943 95 66 5000000
1178000 C 2944 42 4 5000000
1178400 C 2945 41 77 5000000
1178800 C 2946 33 82 5000000
1179200 C 2947 25 38 5000000
1179600 C 2948 41 16 5000000
1180000 C 2949 79 52 5000000
1180400 C 2950 58 50 5000000
1180800 C 2951 57 9 5000000
1181200 C 2952 39 77 5000000
1181600 C 2953 82 71 5000000
1182000 C 2954 6 90 5000000
1182400 C 2955 93 51 5000000
1182800 C 2956 68 71 5000000
1183200 C 2957 97 93 5000000
1183600 C 2958 46 12 5000000
1184000 C 2959 94 62 5000000
1184400 C 2960 20 12 5000000
1184800 C 2961 71 65 5000000
1185200 C 2962 74 43 5000000
1185600 C 2963 56 91 5000000
1186000 C 2964 46 21 5000000
1186400 C 2965 66 41 5000000
1186800 C 2966 95 23 5000000
1187200 C 2967 11 55 5000000
1187600 C 2968 6 11 5000000
1188000 C 2969 88 54 5000000
1188400 C 2970 0 15 5000000
1188800 C 2971 89 6 5000000
1189200 C 2972 4 80 5000000
1189600 C 2973 54 35 5000000
1190000 C 2974 19 6 5000000
1190400 C 2975 93 67 5000000
1190800 C 2976 84 20 5000000
1191200 C 2977 90 16 5000000
1191600 C 2978 85 32 5000000
1192000 C 2979 4 66 5000000
1192400 C 2980 85 83 5000000
1192800 C 2981 5 17 5000000
1193200 C 2982 55 98 5000000
1193600 C 2983 60 17 5000000
1194000 C 2984 94 14 5000000
1194400 C 2985 19 47 5000000
1194800 C 2986 83 22 5000000
1195200 C 2987 95 89 5000000
1195600 C 2988 35 29 5000000
1196000 C 2989 0 11 5000000
1196400 C 2990 37 62 5000000
1196800 C 2991 59 1 5000000
1197200 C 2992 25 13 5000000
1197600 C 2993 37 70 5000000
1198000 C 2994 25 17 5000000
1198400 C 2995 56 55 5000000
1198800 C 2996 33 66 5000000
1199200 C 2997 24 45 5000000
1199600 C 2998 20 92 5000000
1200000 C 2999 6 0 5000000
1200400 C 3000 3 10 5000000
1200800 C 3001 7 58 5000000
1201200 C 3002 92 19 5000000
1201600 C 3003 46 9 5000000
1202000 C 3004 94 87 5000000
1202400 C 3005 76 79 5000000
1202800 C 3006 56 1 5000000
1203200 C 3007 89 84 5000000
1203600 C 3008 28 12 5000000
1204000 C 3009 90 97 5000000
1204400 C 3010 46 81 5000000
1204800 C 3011 80 6 5000000
1205200 C 3012 79 91 5000000
1205600 C 3013 29 83 5000000
1206000 C 3014 24 32 5000000
1206400 C 3015 96 49 5000000
1206800 C 3016 3 71 5000000
1207200 C 3017 61 30 5000000
1207600 C 3018 29 52 5000000
1208000 C 3019 3 9 5000000
1208400 C 3020 97 29 5000000
1208800 C 3021 18 39 5000000
1209200 C 3022 44 33 5000000
