3600 C 0 69 19 5000000
7200 C 1 5 87 5000000
10800 C 2 54 70 5000000
14400 C 3 98 96 5000000
18000 C 4 41 35 5000000
21600 C 5 67 98 5000000
25200 C 6 37 80 5000000
28800 C 7 10 40 5000000
32400 C 8 36 19 5000000
36000 C 9 62 93 5000000
39600 C 10 13 83 5000000
43200 C 11 85 71 5000000
46800 C 12 64 27 5000000
50400 C 13 95 30 5000000
54000 C 14 9 26 5000000
57600 C 15 36 13 5000000
61200 C 16 36 48 5000000
64800 C 17 13 87 5000000
68400 C 18 30 95 5000000
72000 C 19 98 93 5000000
75600 C 20 53 0 5000000
79200 C 21 28 80 5000000
82800 C 22 78 57 5000000
86400 C 23 48 55 5000000
90000 C 24 3 18 5000000
93600 C 25 44 10 5000000
97200 C 26 61 2 5000000
100800 C 27 86 40 5000000
104400 C 28 66 77 5000000
108000 C 29 46 68 5000000
111600 C 30 62 36 5000000
115200 C 31 69 36 5000000
118800 C 32 80 69 5000000
122400 C 33 44 97 5000000
126000 C 34 77 30 5000000
129600 C 35 41 43 5000000
133200 C 36 61 18 5000000
136800 C 37 46 96 5000000
140400 C 38 59 58 5000000
144000 C 39 4 71 5000000
147600 C 40 71 89 5000000
151200 C 41 58 94 5000000
154800 C 42 68 64 5000000
158400 C 43 31 38 5000000
162000 C 44 16 6 5000000
165600 C 45 21 4 5000000
169200 C 46 82 1 5000000
172800 C 47 5 50 5000000
176400 C 48 54 37 5000000
180000 C 49 85 29 5000000
183600 C 50 44 30 5000000
187200 C 51 32 25 5000000
190800 C 52 41 58 5000000
194400 C 53 83 45 5000000
198000 C 54 35 40 5000000
201600 C 55 76 91 5000000
205200 C 56 25 57 5000000
208800 C 57 36 87 5000000
212400 C 58 12 5 5000000
216000 C 59 2 94 5000000
219600 C 60 95 1 5000000
223200 C 61 23 18 5000000
226800 C 62 84 46 5000000
230400 C 63 50 4 5000000
234000 C 64 16 90 5000000
237600 C 65 91 59 5000000
241200 C 66 27 48 5000000
244800 C 67 78 18 5000000
248400 C 68 83 54 5000000
252000 C 69 94 20 5000000
255600 C 70 73 98 5000000
259200 C 71 12 43 5000000
262800 C 72 29 19 5000000
266400 C 73 76 40 5000000
270000 C 74 14 93 5000000
273600 C 75 41 62 5000000
277200 C 76 6 69 5000000
280800 C 77 8 35 5000000
284400 C 78 8 87 5000000
288000 C 79 19 93 5000000
291600 C 80 69 20 5000000
295200 C 81 43 53 5000000
298800 C 82 37 75 5000000
302400 C 83 10 28 5000000
306000 C 84 9 43 5000000
309600 C 85 89 91 5000000
313200 C 86 75 61 5000000
316800 C 87 66 4 5000000
320400 C 88 56 77 5000000
324000 C 89 97 10 5000000
327600 C 90 22 95 5000000
331200 C 91 22 84 5000000
334800 C 92 65 11 5000000
338400 C 93 7 36 5000000
342000 C 94 89 85 5000000
345600 C 95 64 28 5000000
349200 C 96 18 8 5000000
352800 C 97 58 5 5000000
356400 C 98 10 72 5000000
360000 C 99 83 97 5000000
363600 C 100 55 62 5000000
367200 C 101 90 52 5000000
370800 C 102 1 40 5000000
374400 C 103 35 95 5000000
378000 C 104 70 6 5000000
381600 C 105 29 13 5000000
385200 C 106 22 56 5000000
388800 C 107 50 83 5000000
392400 C 108 65 49 5000000
396000 C 109 45 23 5000000
399600 C 110 27 97 5000000
403200 C 111 5 23 5000000
406800 C 112 23 16 5000000
410400 C 113 40 70 5000000
414000 C 114 24 91 5000000
417600 C 115 66 77 5000000
421200 C 116 18 74 5000000
424800 C 117 70 95 5000000
428400 C 118 90 57 5000000
432000 C 119 85 33 5000000
435600 C 120 34 65 5000000
439200 C 121 33 52 5000000
442800 C 122 69 49 5000000
446400 C 123 1 65 5000000
450000 C 124 13 16 5000000
453600 C 125 69 39 5000000
457200 C 126 35 78 5000000
460800 C 127 54 36 5000000
464400 C 128 87 95 5000000
468000 C 129 11 94 5000000
471600 C 130 67 25 5000000
475200 C 131 96 3 5000000
478800 C 132 62 59 5000000
482400 C 133 55 13 5000000
486000 C 134 25 29 5000000
489600 C 135 94 64 5000000
493200 C 136 50 20 5000000
496800 C 137 98 42 5000000
500400 C 138 5 50 5000000
504000 C 139 90 54 5000000
507600 C 140 97 96 5000000
511200 C 141 81 61 5000000
514800 C 142 27 72 5000000
518400 C 143 89 96 5000000
522000 C 144 36 60 5000000
525600 C 145 18 91 5000000
529200 C 146 33 44 5000000
532800 C 147 22 8 5000000
536400 C 148 19 63 5000000
540000 C 149 0 84 5000000
543600 C 150 68 41 5000000
547200 C 151 12 13 5000000
550800 C 152 45 18 5000000
554400 C 153 36 65 5000000
558000 C 154 98 54 5000000
561600 C 155 62 22 5000000
565200 C 156 5 97 5000000
568800 C 157 77 61 5000000
572400 C 158 86 82 5000000
576000 C 159 81 96 5000000
579600 C 160 91 71 5000000
583200 C 161 26 79 5000000
586800 C 162 37 79 5000000
590400 C 163 47 53 5000000
594000 C 164 60 44 5000000
597600 C 165 61 72 5000000
601200 C 166 67 63 5000000
604800 C 167 22 5 5000000
608400 C 168 43 55 5000000
612000 C 169 6 60 5000000
615600 C 170 43 45 5000000
619200 C 171 13 60 5000000
622800 C 172 12 98 5000000
626400 C 173 52 37 5000000
630000 C 174 26 93 5000000
633600 C 175 84 67 5000000
637200 C 176 90 88 5000000
640800 C 177 67 6 5000000
644400 C 178 43 46 5000000
648000 C 179 51 41 5000000
651600 C 180 81 0 5000000
655200 C 181 74 95 5000000
658800 C 182 12 5 5000000
662400 C 183 79 7 5000000
666000 C 184 78 84 5000000
669600 C 185 68 11 5000000
673200 C 186 64 12 5000000
676800 C 187 43 12 5000000
680400 C 188 55 30 5000000
684000 C 189 79 97 5000000
687600 C 190 77 39 5000000
691200 C 191 62 15 5000000
694800 C 192 35 16 5000000
698400 C 193 40 38 5000000
702000 C 194 30 43 5000000
705600 C 195 38 59 5000000
709200 C 196 9 1 5000000
712800 C 197 61 32 5000000
716400 C 198 68 30 5000000
720000 C 199 49 56 5000000
723600 C 200 98 53 5000000
727200 C 201 21 80 5000000
730800 C 202 45 44 5000000
734400 C 203 86 55 5000000
738000 C 204 14 25 5000000
741600 C 205 82 5 5000000
745200 C 206 63 21 5000000
748800 C 207 5 71 5000000
752400 C 208 15 27 5000000
756000 C 209 69 89 5000000
759600 C 210 21 98 5000000
763200 C 211 45 77 5000000
766800 C 212 77 37 5000000
770400 C 213 9 62 5000000
774000 C 214 74 45 5000000
777600 C 215 32 94 5000000
781200 C 216 0 21 5000000
784800 C 217 5 53 5000000
788400 C 218 97 43 5000000
792000 C 219 27 28 5000000
795600 C 220 90 3 5000000
799200 C 221 71 50 5000000
802800 C 222 4 80 5000000
806400 C 223 30 51 5000000
810000 C 224 31 51 5000000
813600 C 225 37 16 5000000
817200 C 226 36 6 5000000
820800 C 227 3 54 5000000
824400 C 228 9 34 5000000
828000 C 229 60 69 5000000
831600 C 230 10 25 5000000
835200 C 231 30 1 5000000
838800 C 232 53 47 5000000
842400 C 233 24 9 5000000
846000 C 234 19 9 5000000
849600 C 235 63 65 5000000
853200 C 236 68 27 5000000
856800 C 237 98 89 5000000
860400 C 238 74 95 5000000
864000 C 239 41 93 5000000
867600 C 240 30 49 5000000
871200 C 241 56 66 5000000
874800 C 242 25 73 5000000
878400 C 243 22 3 5000000
882000 C 244 25 97 5000000
885600 C 245 90 91 5000000
889200 C 246 40 31 5000000
892800 C 247 66 28 5000000
896400 C 248 72 9 5000000
900000 C 249 60 42 5000000
903600 C 250 29 47 5000000
907200 C 251 86 6 5000000
910800 C 252 79 29 5000000
914400 C 253 64 80 5000000
918000 C 254 20 45 5000000
921600 C 255 1 75 5000000
925200 C 256 59 52 5000000
928800 C 257 26 82 5000000
932400 C 258 76 60 5000000
936000 C 259 68 22 5000000
939600 C 260 43 59 5000000
943200 C 261 63 70 5000000
946800 C 262 89 50 5000000
950400 C 263 94 91 5000000
954000 C 264 14 26 5000000
957600 C 265 54 45 5000000
961200 C 266 14 97 5000000
964800 C 267 83 61 5000000
968400 C 268 55 39 5000000
972000 C 269 30 60 5000000
975600 C 270 4 56 5000000
979200 C 271 32 33 5000000
982800 C 272 85 92 5000000
986400 C 273 9 42 5000000
990000 C 274 3 67 5000000
993600 C 275 41 89 5000000
997200 C 276 76 12 5000000
1000800 C 277 89 5 5000000
1004400 C 278 56 22 5000000
1008000 C 279 84 21 5000000
1011600 C 280 76 75 5000000
1015200 C 281 0 87 5000000
1018800 C 282 22 21 5000000
1022400 C 283 15 57 5000000
1026000 C 284 96 43 5000000
1029600 C 285 48 87 5000000
1033200 C 286 42 5 5000000
1036800 C 287 15 59 5000000
1040400 C 288 59 12 5000000
1044000 C 289 11 35 5000000
1047600 C 290 42 58 5000000
1051200 C 291 21 74 5000000
1054800 C 292 15 84 5000000
1058400 C 293 4 78 5000000
1062000 C 294 23 55 5000000
1065600 C 295 73 92 5000000
1069200 C 296 43 54 5000000
1072800 C 297 50 35 5000000
1076400 C 298 10 51 5000000
1080000 C 299 72 57 5000000
1083600 C 300 69 66 5000000
1087200 C 301 69 43 5000000
1090800 C 302 46 20 5000000
1094400 C 303 48 70 5000000
1098000 C 304 81 38 5000000
1101600 C 305 60 30 5000000
1105200 C 306 87 32 5000000
1108800 C 307 67 2 5000000
1112400 C 308 97 10 5000000
1116000 C 309 77 23 5000000
1119600 C 310 15 2 5000000
1123200 C 311 80 12 5000000
1126800 C 312 90 34 5000000
1130400 C 313 45 57 5000000
1134000 C 314 73 8 5000000
1137600 C 315 38 51 5000000
1141200 C 316 96 65 5000000
1144800 C 317 28 75 5000000
1148400 C 318 74 23 5000000
1152000 C 319 15 68 5000000
1155600 C 320 8 55 5000000
1159200 C 321 46 87 5000000
1162800 C 322 22 47 5000000
1166400 C 323 63 10 5000000
1170000 C 324 66 44 5000000
1173600 C 325 40 26 5000000
1177200 C 326 65 30 5000000
1180800 C 327 63 13 5000000
1184400 C 328 53 36 5000000
1188000 C 329 19 54 5000000
1191600 C 330 52 32 5000000
1195200 C 331 37 4 5000000
1198800 C 332 7 73 5000000
1202400 C 333 13 25 5000000
1206000 C 334 5 46 5000000
